10
753 354 784
87 735
157 191
194 5
207 237
79 364
30 286
222 611
112 224
344 81
98 147
50 207
17 40
56 104
237 578
78 257
182 78
244 484
204 33
196 534
307 415
240 193
248 684
146 780
29 693
329 24
320 36
333 562
52 699
164 756
193 439
335 242
257 499
106 34
54 494
115 82
324 745
92 73
210 390
223 16
223 209
215 385
71 335
20 355
330 109
261 775
173 618
37 313
212 205
32 143
294 162
122 38
249 596
228 46
302 244
192 500
143 134
208 699
95 328
186 720
159 659
87 232
182 221
257 71
116 139
155 340
183 472
65 520
239 586
31 518
240 629
205 530
125 398
345 480
286 778
37 410
118 404
170 360
350 467
189 298
109 679
268 219
13 296
219 714
122 521
287 174
222 713
239 407
298 396
315 300
255 582
67 258
224 664
65 74
57 329
78 233
345 258
307 686
276 439
105 715
272 310
254 604
25 24
233 628
115 393
300 25
293 165
135 457
99 213
128 423
202 151
171 45
47 324
46 275
43 593
216 217
38 310
201 388
254 326
134 2
122 439
132 190
194 375
324 649
318 457
299 377
51 191
207 298
342 400
168 557
254 26
194 327
247 57
103 703
323 227
10 382
63 765
252 518
260 466
299 190
66 733
237 27
106 237
215 718
192 145
225 61
9 479
131 541
206 416
251 167
218 412
114 556
254 369
286 779
82 735
231 253
221 783
265 102
305 637
66 120
3 558
83 202
103 666
15 36
297 481
333 155
275 753
189 564
207 280
80 419
98 21
83 194
172 168
38 319
221 396
114 51
245 685
85 423
261 307
49 79
113 663
9 176
223 193
310 247
66 578
111 769
196 586
128 683
37 538
238 55
120 689
78 320
44 423
3 403
112 449
257 12
284 748
108 237
314 176
329 695
304 398
189 600
231 104
261 265
332 781
20 7
345 458
107 522
8 285
190 137
12 654
195 341
207 338
196 21
216 342
293 547
105 642
58 219
191 141
99 604
312 52
266 37
320 186
186 671
333 763
298 485
317 205
287 497
291 653
185 337
45 514
65 198
251 495
84 365
291 148
106 20
50 74
44 743
240 681
296 764
101 716
311 539
227 538
83 713
118 48
62 681
139 397
266 213
99 575
328 22
280 41
132 171
300 132
196 376
155 69
152 751
225 98
67 169
99 35
109 354
166 427
230 710
46 408
88 243
238 716
30 169
242 340
242 120
87 565
223 532
69 130
245 666
230 283
241 144
210 180
41 466
269 781
327 743
160 530
311 635
224 466
309 498
251 423
250 525
128 393
74 52
240 50
239 31
25 17
192 715
324 738
4 84
252 36
49 419
138 275
304 339
93 321
70 42
304 735
177 195
186 119
22 146
66 213
187 566
337 417
73 492
107 172
293 384
53 682
163 54
94 320
150 192
221 510
279 632
288 49
97 84
203 322
190 369
332 440
107 45
354 710
14 506
258 424
213 338
41 156
99 557
338 65
69 396
217 199
224 315
198 318
16 448
290 694
62 455
79 214
77 485
96 316
286 301
145 344
160 308
268 279
170 256
256 76
203 199
335 144
16 555
242 193
175 350
342 282
295 483
153 552
348 732
210 389
98 102
171 103
35 514
265 522
82 38
293 670
134 121
206 31
48 524
184 174
19 358
208 141
188 264
78 271
106 23
207 459
35 673
210 567
209 257
226 452
135 181
324 565
287 431
168 258
270 99
307 291
17 167
97 545
16 372
133 674
312 755
74 584
111 191
13 325
0 766
257 22
252 362
254 497
150 462
15 242
166 434
203 265
331 212
237 280
71 152
319 290
103 550
326 46
273 519
281 468
325 396
156 694
260 325
256 45
225 376
222 628
87 67
171 659
321 198
261 174
171 355
269 506
11 617
337 141
326 170
305 98
296 348
114 571
263 446
3 740
34 150
19 127
144 725
288 592
345 219
351 553
166 477
31 759
354 105
311 692
126 726
115 89
114 77
16 209
348 556
107 592
94 781
251 203
63 784
96 138
125 777
64 72
105 245
216 779
211 162
279 627
180 724
151 456
118 624
268 571
36 110
241 350
248 377
115 106
69 596
111 659
51 215
131 338
271 25
109 59
14 298
211 355
175 649
236 318
126 756
152 164
271 548
39 219
175 346
222 581
215 666
186 58
256 434
271 589
159 7
250 679
263 613
116 640
318 339
123 246
351 342
100 424
60 171
281 278
142 248
329 707
331 530
15 290
327 408
254 671
263 22
52 1
105 125
1 360
15 61
6 776
249 231
25 509
347 306
292 167
202 109
239 748
276 102
158 98
137 380
127 205
57 646
216 284
197 62
80 452
89 466
325 560
295 137
39 379
151 319
271 278
195 668
278 346
7 559
112 559
91 494
190 620
267 218
159 374
16 764
68 437
73 548
292 455
136 528
149 409
259 596
32 554
71 207
216 528
343 593
222 199
314 314
329 721
313 186
83 61
120 416
30 675
190 774
55 113
147 427
107 644
18 456
253 781
45 561
269 709
291 73
215 735
145 190
224 168
71 262
179 573
103 759
336 105
278 88
113 512
90 772
326 0
310 32
46 386
188 552
137 210
48 497
122 293
187 111
43 310
45 722
46 299
178 627
291 723
165 655
122 478
119 101
213 365
168 475
178 758
69 340
330 147
312 408
57 772
191 180
354 204
69 492
133 124
276 154
197 329
221 577
192 763
263 500
265 58
57 373
281 497
150 247
346 44
102 364
203 485
251 393
24 726
97 439
315 499
76 160
208 714
327 65
132 662
197 282
160 35
130 783
129 647
192 455
237 211
271 755
184 643
35 633
236 528
215 713
152 161
203 317
335 72
152 783
6 226
257 733
351 215
102 72
162 256
95 769
83 626
232 412
281 382
222 379
45 612
208 399
120 428
51 111
183 345
316 514
47 453
205 80
353 442
18 746
95 713
307 413
226 749
192 318
97 397
62 504
244 252
291 245
176 82
213 429
40 561
295 279
139 685
334 145
199 544
148 320
314 147
220 306
32 85
86 491
322 600
222 706
268 393
323 749
248 618
195 183
204 647
224 656
28 68
78 137
50 218
269 364
175 470
195 477
295 573
185 284
279 458
322 457
313 468
28 606
321 125
241 728
207 530
111 535
61 711
210 491
264 409
222 509
6 773
39 713
193 449
57 197
24 450
309 253
63 354
291 466
54 143
151 467
35 287
142 583
198 169
56 357
224 424
294 737
89 348
128 252
304 157
147 199
312 351
59 772
288 590
1 432
275 142
249 718
162 364
3 675
238 85
215 359
86 426
289 232
336 257
204 65
349 181
6 269
200 27
278 518
163 774
222 630
77 312
345 594
256 359
346 456
54 43
96 232
209 375
164 490
194 195
223 325
214 131
344 189
144 98
294 24
294 151
239 283
25 465
104 418
224 641
270 515
277 524 583
3 455
111 176
59 102
318 550
267 416
116 156
231 34
232 13
55 31
9 402
106 2
523 435
412 154
487 359
223 28
251 352
45 403
506 445
78 176
362 80
397 522
99 34
249 559
275 310
226 309
239 502
308 173
417 145
34 578
290 519
16 502
460 473
333 215
119 228
193 145
208 383
435 513
122 24
68 464
441 463
111 462
56 486
393 134
66 364
304 520
136 118
350 554
358 145
489 325
44 561
411 81
177 539
514 162
434 468
126 298
305 200
483 145
131 228
287 134
230 376
6 259
364 477
414 486
514 399
104 395
514 82
263 120
242 472
420 569
286 293
457 103
259 459
382 580
219 496
41 64
189 184
245 166
381 553
203 100
490 264
381 112
275 373
75 352
325 483
99 1
517 36
106 86
446 337
72 567
86 212
19 489
137 372
280 426
375 108
341 94
221 423
249 102
247 407
443 441
295 207
110 483
48 530
493 139
134 67
64 484
130 170
449 44
324 461
215 268
118 397
493 325
182 536
287 432
519 282
453 67
200 115
28 133
209 520
173 313
14 378
518 267
275 19
390 459
99 181
226 433
66 473
8 231
366 570
130 170
456 337
101 157
51 171
334 483
80 546
32 111
174 426
217 274
445 73
477 310
116 277
214 249
304 286
408 560
472 513
482 524
25 335
489 103
142 388
313 14
235 199
271 76
325 471
287 455
22 483
242 199
349 310
298 311
107 313
251 269
148 402
435 493
221 291
250 60
127 583
38 415
339 184
223 223
250 241
385 0
178 245
365 301
512 64
109 535
297 283
149 20
21 414
72 223
390 509
81 185
315 342
354 122
383 507
246 567
14 425
357 289
162 167
150 25
314 2
243 8
94 181
463 371
384 525
336 100
310 277
242 359
491 302
184 531
101 212
434 358
513 465
239 107
418 37
299 263
123 92
225 309
364 268
288 252
151 74
450 61
493 39
515 355
192 286
260 535
56 184
363 519
390 341
171 98
467 158
445 402
442 34
237 508
285 191
459 480
76 514
349 17
505 346
504 278
491 59
443 515
363 508
44 293
335 461
466 44
138 154
297 254
508 558
314 458
512 324
157 415
84 280
85 191
298 205
236 59
259 83
242 491
412 408
280 257
502 9
477 289
59 132
148 335
236 106
241 241
162 548
240 84
357 489
287 271
345 129
349 358
107 288
130 204
330 466
172 382
83 130
377 22
328 31
115 338
417 535
216 568
207 35
278 144
211 296
124 50
519 130
64 37
494 74
27 532
933 575 211
112 21
434 90
360 53
156 14
410 39
109 82
78 164
391 203
485 195
15 83
8 53
144 49
108 142
415 116
454 209
171 118
206 145
365 54
422 37
376 64
204 145
243 6
46 126
393 87
505 100
226 37
42 118
30 90
68 189
167 187
123 150
257 25
559 154
192 165
439 180
405 87
222 48
222 64
450 187
95 103
192 141
316 18
436 47
256 160
536 135
67 63
377 81
413 8
115 201
509 35
213 43
366 135
283 68
447 54
500 170
409 152
480 118
222 0
241 98
12 41
518 148
285 159
277 14
552 72
471 13
115 204
120 50
416 180
366 115
306 14
574 31
150 26
161 156
114 166
19 38
28 129
206 133
24 23
179 128
44 150
230 203
54 18
513 90
498 12
54 72
466 164
240 13
402 73
157 36
100 32
66 88
457 81
185 58
500 156
354 200
310 148
0 88
103 117
131 185
113 57
574 188
557 150
365 19
511 158
67 135
571 161
483 172
150 52
230 167
200 25
491 154
337 19
171 160
173 94
210 86
231 180
482 192
446 83
211 193
90 118
161 73
283 160
281 162
481 84
381 29
265 156
40 102
404 67
211 165
257 5
31 132
501 166
316 123
81 207
496 131
101 41
0 32
470 26
562 203
90 195
480 39
408 24
125 168
347 12
557 72
501 192
260 22
270 200
541 4
271 70
267 128
287 128
501 101
422 175
428 84
151 177
35 119
469 84
539 145
241 16
141 178
148 94
337 175
146 134
515 66
60 134
86 136
346 175
401 56
371 182
0 118
331 115
249 168
68 132
337 181
476 171
219 176
177 136
339 135
155 202
37 115
357 36
307 27
455 97
192 170
131 76
516 34
100 101
430 32
273 156
221 201
95 148
542 200
293 189
339 16
328 209
279 125
245 203
556 64
464 56
119 7
109 99
97 145
121 95
121 74
143 178
184 186
78 82
126 71
327 150
435 59
139 71
508 0
22 125
124 34
533 119
249 134
175 146
19 60
169 32
434 101
354 50
167 209
192 102
548 12
56 8
343 39
419 44
323 205
61 135
95 170
563 100
533 146
434 192
202 63
565 192
84 75
103 92
520 195
546 173
431 54
69 131
541 80
219 164
97 196
31 100
170 14
408 99
500 22
424 186
165 125
59 102
500 50
502 61
201 208
106 93
242 23
0 207
407 7
367 208
371 130
120 209
161 116
541 125
538 209
532 75
546 119
377 110
49 191
211 22
519 45
51 57
364 159
264 23
142 63
123 9
326 147
351 127
387 136
316 41
449 204
477 75
287 114
185 68
326 177
331 69
10 26
327 143
306 31
442 172
71 38
130 109
425 9
52 89
541 128
458 98
65 99
1 52
382 178
433 128
327 64
145 6
570 176
9 96
360 167
365 155
185 59
572 31
272 108
144 33
288 102
267 177
258 156
2 24
198 203
516 86
495 201
160 177
302 93
534 14
492 151
389 106
114 41
9 130
177 109
239 25
179 146
115 21
70 73
117 32
296 17
90 119
463 30
0 25
291 178
275 24
25 28
182 179
89 119
269 70
216 112
27 79
310 150
1 200
131 178
393 75
48 139
514 55
30 99
124 177
217 151
273 35
103 183
254 100
518 164
330 170
328 117
298 175
500 171
315 99
289 4
227 185
488 9
144 166
104 172
7 206
411 153
437 142
32 95
2 99
511 52
453 176
562 159
199 46
474 154
157 108
391 172
269 123
550 174
565 110
554 28
272 66
149 197
520 158
121 91
477 192
23 134
192 133
530 147
111 20
74 177
360 37
77 30
64 139
340 57
450 190
369 174
452 87
24 105
445 61
88 110
521 127
572 18
441 146
145 80
123 75
117 115
556 35
409 124
566 169
417 0
364 87
331 12
474 155
381 27
244 101
305 109
453 201
519 130
572 145
166 123
180 108
474 185
351 204
77 105
225 99
78 129
450 133
574 180
60 111
307 176
145 196
237 82
209 53
212 173
142 30
196 26
86 143
355 101
147 161
75 148
96 165
258 22
306 60
62 46
507 49
286 204
277 115
418 70
448 106
564 186
177 180
209 127
151 64
445 130
293 44
543 93
417 165
103 147
353 169
129 36
406 55
105 103
362 135
466 191
322 90
121 19
382 18
506 22
63 163
0 160
63 39
490 24
64 189
371 101
183 4
446 5
339 199
441 50
114 135
105 4
529 14
103 135
301 170
165 148
281 162
16 181
5 138
121 78
396 17
231 115
289 137
336 113
396 49
51 67
404 12
243 81
126 127
565 59
253 14
87 58
192 124
175 18
482 53
12 18
86 95
49 155
89 74
300 177
459 71
164 160
251 168
517 110
499 66
101 200
405 49
454 77
37 106
539 107
95 11
118 81
539 111
428 160
425 145
281 129
376 190
469 88
150 170
302 49
85 39
569 138
208 115
127 113
245 131
61 200
386 167
393 101
90 158
145 72
271 175
121 127
169 130
571 151
40 85
136 177
317 57
359 65
320 139
195 182
450 8
202 52
179 92
482 61
138 23
529 193
350 154
352 203
408 176
6 193
517 130
318 206
143 82
80 180
461 59
326 131
403 172
467 62
420 189
19 154
169 45
263 19
495 96
207 92
260 153
521 141
228 83
204 111
237 48
3 26
431 49
329 206
26 13
8 94
210 211
173 23
448 204
67 96
220 86
440 180
359 113
426 163
392 98
127 34
210 174
496 73
332 70
195 22
215 187
100 137
230 185
101 51
454 56
215 86
314 155
195 21
208 197
557 136
419 100
398 49
238 51
566 106
441 41
224 56
260 65
377 22
342 26
465 36
518 72
511 44
55 30
226 167
47 135
32 162
187 50
519 117
45 185
164 74
566 172
438 94
457 176
36 96
14 42
60 105
350 107
533 14
573 67
413 4
262 93
510 45
172 197
491 65
2 27
0 36
211 122
562 45
102 35
509 109
269 125
394 75
437 3
193 42
407 91
351 93
220 33
159 148
355 154
354 41
25 206
222 200
88 208
73 55
103 26
52 204
320 198
160 25
541 189
359 92
0 146
82 73
164 177
357 51
187 107
172 120
233 22
192 70
475 206
385 114
16 77
119 204
51 207
389 84
248 149
261 105
179 3
342 115
456 71
158 119
3 111
151 100
21 199
558 184
353 83
115 34
100 46
130 75
257 108
40 77
565 189
50 192
388 0
256 160
260 114
207 71
41 190
371 211
445 162
175 11
465 122
17 78
396 103
13 29
283 165
327 76
98 109
185 154
514 5
498 2
151 21
205 197
231 64
0 29
98 19
324 80
338 117
426 130
104 131
556 72
109 87
532 47
556 57
438 126
454 156
436 34
490 21
95 209
386 67
118 100
142 130
344 80
527 190
511 108
250 11
316 47
94 148
438 146
286 148
313 120
85 9
194 91
559 205
464 117
256 211
149 31
193 70
175 197
432 174
521 10
345 61
337 135
405 4
386 55
244 163
280 97
488 150
72 23
508 129
136 56
288 30
459 45
524 19
498 148
361 123
359 19
0 36
442 34
64 44
521 45
119 85
382 20
316 119
375 20
160 68
308 196
542 196
225 198
571 92
166 48
463 145
359 72
390 74
166 42
478 15
379 178
529 50
374 189
513 93
517 57
429 105
545 79
313 102
181 188
214 52
537 82
41 124
310 19
546 48
502 137
331 1
87 16
491 153
553 40
506 22
525 48
488 170
51 101
433 45
278 107
453 135
45 146
303 131
222 98
127 48
339 95
453 190
39 133
311 169
93 17
255 91
473 171
281 13
137 142
54 139
82 7
526 79
297 173
227 139
271 30
539 114
109 89
460 121
530 43
486 3
53 89
410 158
77 176
347 110
126 113
501 208
204 131
80 126
448 107
317 184
533 93
178 115
442 211
88 192
450 134
187 167
483 110
326 60
10 169
198 0
243 27
89 11
446 105
117 103
348 11
335 169
460 13
244 74
192 160
18 119
74 101
442 94
99 40
414 137
162 177
566 101
32 167
20 3
568 70
542 92
317 33
517 5
558 186
271 123
262 17
114 5
238 168
191 182
45 137
319 27
386 65
356 127
4 92
66 144
258 88
80 63
77 106
392 19
528 211
106 34
248 24
423 199
201 202
121 42
388 96
197 50
366 49
361 66
225 95
111 124
331 55
227 156
405 76
340 61
3 138
444 156
539 167
483 208
522 132
154 138
84 139
276 30
328 154
565 149
361 160
205 73
35 69
269 197
221 13
94 104
224 206
357 924 343
93 215
193 251
807 278
324 32
719 202
317 80
457 169
848 315
316 319
902 264
80 40
257 46
672 221
334 121
360 9
255 273
182 103
821 305
303 333
775 159
379 233
918 175
671 178
690 193
668 233
616 261
697 174
331 232
4 321
485 222
124 240
48 202
367 316
474 28
216 132
819 137
543 75
612 64
884 106
456 46
172 3
503 261
200 263
493 229
627 142
672 219
897 235
289 29
717 225
188 153
215 237
709 27
74 258
279 206
825 333
713 0
11 208
69 169
305 51
468 17
720 138
862 216
115 298
211 237
117 303
21 186
586 328
321 157
253 289
747 246
412 263
278 262
58 149
738 240
36 126
474 34
549 141
628 286
742 145
676 268
365 209
370 285
502 315
740 83
367 101
909 186
328 225
381 132
661 184
801 206
528 277
581 215
866 140
921 171
250 329
721 29
445 197
694 44
909 52
830 69
250 106
310 158
203 8
40 337
66 311
740 142
371 88
851 319
784 164
122 153
646 225
777 336
136 137
241 231
183 149
525 327
87 203
87 218
758 80
333 43
149 58
546 283
649 184
885 15
446 45
722 137
105 336
334 333
247 151
414 295
773 160
43 203
29 68
329 223
362 280
739 179
914 93
211 125
884 26
326 265
409 302
572 326
749 180
808 55
660 176
658 287
364 270
495 5
883 207
359 127
613 135
11 122
585 65
368 145
497 36
24 147
869 117
548 272
734 85
869 277
781 319
105 247
430 7
769 231
552 120
761 342
429 305
896 124
122 7
686 110
213 320
706 38
486 34
30 39
865 279
818 30
680 176
172 155
651 161
625 30
271 41
624 177
362 132
894 12
113 212
283 175
492 27
536 274
498 165
454 174
592 261
338 2
397 121
584 261
630 191
559 211
798 303
781 210
905 339
824 214
532 337
420 35
351 252
309 75
649 262
466 165
237 101
715 265
493 316
915 160
762 113
226 28
807 64
50 147
11 117
7 250
236 63
747 124
510 235
563 28
22 104
602 325
35 0
73 75
922 68
778 112
664 254
575 237
266 26
512 26
679 58
873 239
74 203
577 69
878 210
923 232
423 275
287 159
172 100
165 224
476 125
109 334
201 124
866 2
488 260
797 286
48 290
232 80
567 200
812 227
203 238
496 20
538 322
211 77
270 69
60 231
446 285
89 206
32 90
242 215
483 229
763 317
911 339
759 308
7 194
201 246
583 300
889 242
607 94
87 340
604 268
751 334
420 82
877 274
922 53
47 170
413 295
243 98
60 180
80 127
827 238
329 111
105 280
787 112
521 320
717 171
200 321
481 101
562 342
199 223
785 168
218 317
236 169
725 51
643 118
415 28
214 191
211 183
217 140
211 143
126 44
117 8
598 107
125 64
263 132
846 140
674 313
397 68
706 169
385 143
130 289
97 284
724 302
769 257
485 66
806 206
111 2
116 108
700 323
124 199
617 100
214 60
289 101
508 199
913 232
547 206
873 154
619 306
132 261
740 203
571 259
408 71
775 280
570 11
818 336
694 11
844 205
108 146
699 184
279 226
638 329
909 241
649 219
438 252
194 71
578 104
54 170
626 240
637 339
507 6
145 109
220 72
312 73
325 262
72 205
825 313
609 224
252 634 516
629 442
415 377
535 381
530 181
604 366
350 448
201 272
520 344
145 226
419 272
50 252
238 467
614 90
467 54
348 147
301 201
506 444
521 339
303 510
51 306
542 403
412 225
277 426
71 22
405 439
592 371
124 41
135 8
580 66
350 185
71 480
612 218
89 313
341 131
255 493
22 13
144 90
264 20
82 86
200 447
174 200
283 114
329 486
385 238
369 48
551 180
117 157
367 351
375 303
591 124
451 267
151 141
398 239
373 220
91 516
316 265
79 383
555 373
366 433
39 319
397 450
524 425
460 245
78 425
323 89
181 310
5 101
91 128
88 476
232 12
386 430
444 89
496 71
231 512
18 421
319 332
202 161
295 309
466 365
213 437
399 181
285 226
75 28
157 486
197 118
342 326
287 190
405 260
499 157
368 180
248 434
297 280
262 168
470 416
314 153
239 403
434 498
460 480
257 398
29 377
356 362
394 480
514 465
150 228
158 342
244 32
563 268
213 269
475 249
267 317
81 436
218 16
387 247
382 222
17 293
455 509
140 200
383 106
371 42
382 119
408 90
284 59
518 395
519 209
530 361
505 394
15 144
477 494
123 321
396 384
620 214
507 236
423 263
130 427
129 23
37 104
488 180
231 403
176 288
87 118
252 37
32 208
30 405
19 505
91 385
278 239
617 163
186 428
381 164
557 78
178 300
405 233
273 142
395 472
101 148
504 426
423 1
605 367
395 303
591 31
397 143
547 117
377 93
142 148
415 232
626 378
7 274
616 428
389 78
70 330
199 389
201 344
461 289
433 143
153 414
65 111
616 310
287 280
75 122
473 76
477 2
432 301
225 345
106 108
139 460
463 65
108 92
319 69
185 467
156 390
499 320
237 270
198 145
195 516
294 325
113 485
490 394
597 468
316 347
44 61
244 429
152 38
513 399
287 319
580 320
385 129
21 40
281 168
488 296
485 317
502 108
276 297
500 488
421 140
298 240
630 472
322 259
252 21
602 33
255 422
332 396
341 341
612 298
565 487
464 24
604 115
370 437
45 499
467 7
418 73
289 255
30 264
536 471
177 70
163 490
399 205
422 391
207 153
85 402
221 115
545 275
229 423
428 506
516 19
97 459
383 108
53 53
364 58
45 72
449 376
315 485
69 279
767 744 478
528 465
349 79
58 8
278 201
430 356
384 220
95 190
187 445
16 109
95 341
387 474
447 244
451 134
167 394
406 475
676 409
609 130
89 211
444 8
31 309
482 60
510 475
618 59
78 291
485 25
18 120
589 169
445 167
85 119
356 371
58 125
682 192
737 310
13 10
106 144
735 107
172 370
590 264
165 353
391 214
266 37
202 15
587 28
574 318
684 359
131 70
185 319
376 70
552 473
37 85
603 208
214 439
698 104
532 144
153 395
193 451
11 23
699 447
466 457
695 294
714 113
572 152
150 243
500 392
17 110
327 471
734 478
74 225
26 271
518 176
496 345
22 428
73 136
530 322
505 12
369 261
562 118
52 80
570 443
381 406
513 86
632 201
217 446
614 283
280 412
591 234
65 416
708 70
302 388
102 283
686 338
705 334
92 286
182 146
733 23
674 325
239 281
717 290
691 281
124 295
686 170
427 396
296 42
314 276
308 381
373 160
311 433
177 313
515 238
490 12
347 341
718 179
116 0
467 8
700 181
458 112
273 162
360 75
412 18
136 443
57 239
394 63
267 427
196 434
644 165
542 255
242 399
257 266
629 234
134 9
739 385
193 95
157 439
718 82
194 329
256 280
43 266
500 91
190 336
348 208
63 300
47 336
84 227
376 427
452 205
265 205
70 367
595 468
723 87
220 208
390 20
304 123
94 447
743 308
180 69
85 134
661 117
261 398
606 18
595 135
115 112
184 144
285 449
293 230
315 299
316 91
701 63
393 414
392 236
504 431
162 376
528 4
435 461
249 166
105 364
34 32
672 450
574 93
422 404
357 94
59 378
697 160
549 207
236 90
161 433
480 270
9 416
114 439
19 5
165 207
632 428
514 176
130 224
652 149
635 209
257 182
193 45
423 359
724 245
362 25
78 12
176 338
73 378
244 443
535 233
386 370
321 411
117 390
212 431
428 113
1 399
509 79
608 445
648 25
270 216
152 219
74 155
149 273
499 184
409 341
227 217
592 409
375 202
423 400
446 476
114 412
505 330
65 169
235 66
91 316
402 340
566 318
452 421
48 166
533 159
665 66
676 356
275 142
189 124
318 42
229 98
218 325
23 82
238 342
708 113
475 430
742 331
554 278
436 191
369 208
483 375
408 55
226 365
145 427
61 261
187 419
151 61
161 404
689 376
144 100
153 63
442 80
341 129
313 475
565 418
426 478
107 287
142 183
485 60
174 472
463 216
260 10
22 7
670 229
533 11
501 297
114 475
261 276
162 64
199 62
680 477
455 413
427 404
89 76
308 56
137 115
336 289
523 166
531 155
207 297
230 340
429 335
161 14
511 270
232 213
18 369
303 203
380 400
494 228
321 400
156 66
710 172
568 64
563 461
361 62
554 2
445 10
648 355
353 86
354 198
92 287
178 414
269 199
550 234
163 141
702 135
9 95
523 371
580 454
355 188
536 56
499 343
572 431
268 378
241 173
478 241
707 472
153 88
350 320
707 43
255 95
256 476
10 294
554 350
546 146
498 401
498 153
743 78
79 292
217 431
601 362
366 256
488 178
506 164
647 283
31 288
556 194
591 90
35 271
124 86
276 116
54 428
588 82
523 182
488 292
412 169
116 137
619 146
721 386
122 143
273 134
205 377
442 333
364 145
451 44
482 351
78 47
638 45
301 136
470 120
582 458
101 411
627 139
726 47
69 5
194 331
258 238
139 275
451 312
601 26
416 459
22 420
586 293
585 252
44 23
357 473
159 277
291 213
146 100
644 270
89 67
439 339
206 447
471 205
506 363
696 446
89 224
95 178
346 182
242 84
702 418
272 110
482 100
614 249
548 392
725 400
32 259
408 93
709 395
319 316
173 338
71 430
701 287
362 217
102 368
693 291
340 189
345 141
207 54
417 298
153 239
72 234
71 288
592 55
327 433
675 292
606 463
644 471
169 468
577 69
2 127
212 282
169 91
419 414
485 142
269 399
201 68
247 209
246 289
189 369
141 444
211 152
579 41
278 315
84 256
443 197
60 74
140 29
181 231
487 405
362 292
728 84
522 287
717 46
205 174
21 435
738 213
61 183
55 155
287 381
619 212
394 125
354 194
332 67
60 406
625 414
543 126
410 196
262 409
344 126
255 274
525 339
22 478
533 359
350 350
385 374
231 455
615 177
568 462
256 211
735 45
474 416
168 453
109 392
690 185
609 296
699 408
619 84
400 7
53 178
652 33
230 248
184 381
604 274
473 285
59 82
251 440
420 309
97 248
561 319
118 356
413 30
696 100
49 309
406 366
357 273
710 369
621 25
570 276
326 251
308 401
185 29
344 447
403 297
559 177
196 458
69 368
5 435
608 411
372 384
327 82
8 313
741 28
611 51
77 254
576 3
291 443
370 346
46 465
43 150
705 397
249 121
561 426
507 84
479 151
407 272
0 262
522 14
11 61
275 19
6 463
644 107
292 149
356 169
297 425
367 107
63 64
0 438
583 113
17 272
523 127
547 115
263 459
231 295
138 290
75 451
37 144
610 319
700 340
91 237
44 423
223 151
41 188
445 115
611 440
366 469
22 453
624 93
663 43
559 282
329 32
657 224
33 141
407 86
167 360
699 288
380 91
31 121
281 165
183 196
74 431
249 309
430 100
381 454
408 120
116 93
712 127
71 423
719 477
446 78
113 256
522 279
1 422
340 434
454 252
142 330
39 434
625 226
688 371
242 7
626 75
57 259
99 320
306 279
31 329
96 293
577 340
63 454
139 301
573 9
350 465
376 86
530 308
283 283
687 322
537 21
597 6
586 407
147 293
194 453
35 181
492 58
164 168
158 421
382 60
608 351
413 99
546 274
377 271
95 224
322 177
24 127
651 143
583 318
181 358
113 387
35 368
541 390
585 96
672 335
397 92
379 297
200 454
432 214
721 457
321 456
584 301
185 147
667 255
713 209
513 87
488 290
399 179
460 130
695 150
173 47
636 289
581 49
444 52
380 127
220 318
432 473
13 303
719 392
353 128
495 310
481 48
381 287
235 418
86 119
197 307
245 426
524 414
636 477
519 162
357 305
397 37
223 237
373 441
346 36
597 81
559 401
504 84
181 452
5 243
638 207
240 161
290 475
389 437
412 371
621 406
327 217
237 305
684 400
460 414
304 453
262 399
358 241
315 201
474 314
520 209
234 323
674 4
660 275
417 409
652 177
521 172
567 109
209 179
337 267
672 82
405 225
472 233
211 101
728 296
531 399
476 73
687 397
256 178
437 134
354 168
679 253
2 323
602 339
431 295
592 424
259 464
259 475
729 445
198 173
123 129
182 97
5 239
430 88
150 303
647 142
635 150
348 140
506 373
561 304
568 223
262 182
373 36
526 234
705 371
493 359
710 403
107 31
223 87
401 389
83 437
134 382
597 255
323 198
399 332
263 241
716 176
16 93
472 218
583 309
235 351
684 418
719 262
51 247
8 185
284 261
12 17
423 237 710
140 484
122 553
54 450
166 446
78 217
204 459
100 117
49 436
20 403
77 268
48 203
189 554
211 492
126 289
180 194
77 486
143 430
213 600
184 206
122 83
196 684
231 145
91 582
191 481
69 641
63 254
105 9
84 305
98 387
186 462
140 529
233 549
206 121
224 683
222 328
159 173
68 21
222 524
176 454
125 300
78 600
216 73
74 206
24 87
34 395
84 464
218 209
92 595
161 429
83 212
59 179
198 481
138 258
141 225
120 144
176 520
88 635
15 197
217 527
206 146
232 256
170 692
115 601
160 350
86 699
183 498
229 370
17 367
88 696
188 52
59 674
150 429
42 10
182 151
77 466
17 171
186 463
45 609
194 151
211 672
193 232
60 307
172 150
186 75
218 111
213 531
134 122
60 95
54 430
180 91
27 99
185 329
129 548
20 338
180 30
0 394
22 182
193 420
229 219
89 156
22 623
232 671
63 491
205 432
168 568
230 662
89 208
153 652
42 641
176 300
39 2
102 489
90 106
128 204
181 116
35 345
154 469
231 328
193 627
78 15
91 128
64 706
230 379
33 648
25 483
129 536
1 487
236 224
161 68
44 608
216 211
51 479
91 680
222 485
225 412
43 635
115 21
3 432
196 123
14 265
117 295
159 513
119 92
81 221
28 9
128 612
59 626
138 456
205 32
198 614
57 285
125 407
92 13
152 261
164 53
144 164
182 304
143 553
205 391
215 691
94 447
1 43
156 394
176 380
6 284
171 294
121 376
217 297
187 385
136 659
61 640
139 208
218 345
179 53
13 380
52 560
134 47
4 612
46 658
30 290
189 119
97 223
132 130
30 308
209 634
66 375
209 502
129 220
232 56
118 163
99 439
224 687
77 170
139 482
43 558
176 349
5 68
50 17
222 647
90 268
9 4
79 557
216 71
151 65
151 472
89 697
183 506
227 108
48 239
145 216
43 74
68 52
101 692
58 29
199 528
23 622
159 363
42 594
183 667
220 117
96 443
219 50
129 332
173 470
210 170
13 657
18 674
173 76
200 334
186 707
234 536
223 239
184 641
165 45
92 337
98 447
92 532
211 573
51 210
33 146
80 309
20 180
237 489
199 483
41 495
104 531
229 652
64 642
226 448
49 601
140 405
140 276
227 522
87 512
3 604
155 535
38 305
54 163
113 527
219 463
36 548
191 53
157 608
185 361
119 228
98 552
15 277
125 282
96 522
27 243
77 297
56 306
230 204
136 241
236 404
21 597
75 409
172 153
212 191
123 74
225 320
97 607
204 166
117 241
179 528
145 526
200 551
7 271
183 590
170 331
132 61
88 80
148 423
185 200
141 169
197 455
163 190
131 64
151 85
175 467
27 78
93 282
155 536
164 361
115 622
26 387
159 465
200 576
137 122
173 81
199 340
41 335
61 443
126 442
165 126
49 564
17 614
164 388
115 112
17 543
58 153
222 261
30 108
31 218
185 192
81 76
209 390
33 618
167 233
117 652
205 548
30 697
181 63
11 580
156 547
32 464
181 54
66 296
183 275
14 526
45 368
39 555
89 436
50 303
86 233
94 452
78 305
19 78
81 368
189 99
168 492
86 593
220 0
68 131
231 114
41 165
159 681
56 662
135 604
11 632
17 54
146 330
102 366
226 150
68 621
166 627
143 234
92 238
149 109
35 643
224 581
53 705
157 239
28 514
197 334
147 392
126 363
182 170
202 686
29 308
92 124
141 288
63 156
233 15
138 451
99 489
107 178
142 296
6 696
172 683
191 667
162 129
118 642
162 603
22 174
225 502
130 692
222 212
105 295
40 403
119 441
2 490
164 221
106 593
58 440
7 658
231 485
72 270
149 642
66 455
60 630
157 670
53 592
19 170
102 86
146 345
181 311
64 703
164 466
149 293
83 705
105 147
198 582
971 148 623
92 362
126 267
69 556
115 209
44 145
65 20
26 334
20 327
40 566
137 311
18 59
90 224
133 224
57 607
79 432
79 301
106 599
137 70
34 295
131 336
59 470
91 65
31 586
44 422
112 267
116 26
72 319
58 282
102 118
7 609
126 359
65 465
142 599
130 113
19 63
115 582
30 422
24 585
31 287
143 160
110 366
6 128
48 180
109 476
51 419
43 97
64 492
132 361
24 346
95 481
87 540
141 191
139 334
40 594
104 408
46 295
25 61
118 579
127 577
84 413
55 509
77 399
108 193
38 588
26 228
46 196
75 132
102 227
64 412
117 335
58 72
94 91
77 301
18 120
12 94
104 498
112 291
58 100
103 27
64 143
110 253
114 143
148 103
122 99
81 184
92 456
125 312
85 134
120 337
118 115
77 35
70 154
126 7
111 555
95 62
71 161
146 415
103 572
113 291
79 26
38 481
47 604
79 277
78 30
96 241
43 38
141 7
75 347
113 319
50 545
84 226
126 569
28 131
98 279
38 565
58 146
61 35
101 208
98 609
52 543
89 256
91 246
81 149
61 149
75 121
125 98
93 25
113 236
54 432
123 323
101 565
40 412
148 340
26 529
33 106
15 167
45 277
75 497
143 128
43 15
108 93
91 468
132 524
34 147
127 211
1 322
61 188
114 497
44 602
30 470
89 98
71 319
22 172
142 545
143 87
86 421
66 545
15 43
93 89
117 522
77 405
13 197
31 202
61 114
138 216
24 136
146 471
94 433
112 392
35 319
134 163
69 276
21 125
131 274
133 126
48 258
89 264
61 373
59 397
57 518
64 320
146 175
47 102
80 186
51 211
126 589
109 365
118 330
130 306
96 576
60 520
47 212
66 42
132 498
92 320
34 301
142 39
79 56
5 205
61 379
146 492
102 38
95 330
98 100
32 221
52 317
61 136
114 150
78 362
124 362
18 33
29 443
61 261
72 85
138 615
132 131
42 553
123 93
28 282
75 272
148 615
25 494
97 238
58 177
117 413
58 402
63 452
18 263
66 466
62 299
94 557
72 188
141 344
145 122
129 92
92 378
69 599
49 82
127 509
63 61
12 543
91 489
69 429
61 204
70 350
62 600
19 54
23 18
42 191
53 273
100 150
12 238
133 20
57 210
41 323
77 571
103 350
129 358
0 566
20 171
25 187
86 319
77 57
76 512
148 349
4 275
145 556
139 496
88 81
111 225
38 97
44 519
69 482
36 476
75 65
139 460
9 43
5 365
66 365
67 92
82 158
25 334
108 128
69 283
82 33
38 486
81 426
133 450
116 507
80 580
96 70
3 72
28 315
63 582
110 563
11 515
73 418
133 61
72 175
89 4
95 101
147 211
80 615
39 59
23 84
109 319
62 175
106 11
141 78
36 419
11 516
7 611
105 407
136 600
65 137
44 39
85 214
49 510
35 32
84 577
80 329
58 14
28 408
83 115
35 491
133 376
39 93
12 437
3 156
33 204
97 266
99 275
120 366
60 558
109 603
94 258
61 528
43 556
19 169
120 47
127 455
132 163
105 530
32 169
5 390
47 99
144 489
146 384
18 280
3 373
83 574
38 311
111 279
105 535
78 292
67 229
31 125
84 543
55 369
106 334
44 78
34 39
22 552
25 542
99 358
28 340
146 298
49 531
8 144
110 18
81 144
5 431
88 511
119 45
77 55
66 135
101 60
21 573
142 214
15 566
95 31
145 129
130 54
52 27
50 351
86 10
52 164
114 509
62 536
145 52
22 181
112 597
24 106
108 471
51 287
129 269
37 567
90 520
22 307
18 196
27 337
65 275
77 392
80 298
125 459
139 16
0 410
142 2
107 536
51 85
85 134
7 390
18 1
12 76
121 450
122 87
16 95
88 410
89 267
93 536
107 178
74 486
47 542
142 226
30 210
14 398
96 538
110 295
140 194
15 95
24 259
122 553
47 161
143 91
91 167
62 402
31 300
18 54
66 498
93 416
65 464
83 173
11 226
126 37
38 583
124 314
1 59
122 574
30 454
45 521
74 284
42 214
115 309
65 50
71 293
0 139
137 529
10 255
148 29
21 553
139 297
119 80
114 358
49 449
69 439
137 57
72 391
129 556
100 284
91 131
65 321
29 583
46 327
73 359
37 507
92 90
101 275
38 409
15 72
82 565
62 453
98 482
130 13
44 40
134 141
123 124
98 186
133 561
63 42
60 486
13 200
147 602
85 618
62 228
143 366
45 321
96 39
62 160
93 338
20 223
103 372
148 190
19 174
78 63
61 40
54 15
13 374
69 588
109 125
50 307
138 234
31 430
110 57
24 198
60 167
3 619
50 16
88 217
6 56
12 280
27 78
12 337
139 160
1 70
74 365
83 520
18 126
20 617
78 293
54 323
89 485
15 247
90 375
69 564
140 489
34 528
19 387
70 268
138 286
138 577
132 460
137 371
48 177
141 514
62 427
127 179
124 403
3 534
116 11
33 457
26 439
146 315
114 346
75 494
138 42
28 532
137 298
134 337
34 387
35 65
43 312
109 351
36 415
105 613
47 607
130 46
57 56
128 497
56 65
146 283
129 63
29 354
61 214
35 580
1 166
53 39
103 506
93 313
136 523
3 467
49 621
127 49
123 619
0 199
22 162
86 408
43 417
140 459
0 78
61 352
107 53
66 467
148 30
62 105
70 331
41 181
60 334
96 253
136 25
85 6
115 183
32 156
9 425
124 480
60 151
21 493
22 473
89 140
117 237
18 177
78 67
18 145
98 333
54 347
73 100
116 289
32 15
68 132
43 181
61 193
101 566
141 536
50 270
6 38
104 43
57 325
103 318
52 255
51 613
9 257
96 203
24 117
145 112
31 532
147 606
23 497
45 531
93 211
116 206
124 557
143 338
134 103
117 473
21 556
144 337
15 424
17 480
92 8
143 38
82 5
87 385
111 441
130 159
99 341
16 23
40 231
116 405
128 137
73 70
124 461
40 3
42 68
51 50
100 195
128 360
57 477
138 446
80 413
94 68
78 91
114 278
131 196
14 530
36 58
120 275
18 127
23 28
89 505
55 144
129 406
74 20
121 498
66 427
54 319
92 163
132 330
121 478
148 372
95 603
84 232
57 69
97 276
33 427
5 415
98 105
143 197
32 458
106 463
28 231
120 500
4 314
38 83
88 348
132 424
82 6
120 326
41 263
91 541
126 504
24 383
92 531
108 479
143 523
94 242
97 221
13 269
29 564
98 447
108 57
12 615
9 23
52 507
62 40
135 98
102 502
114 401
38 309
41 518
9 319
84 211
62 622
69 196
9 82
80 226
119 11
19 570
86 279
40 561
77 623
48 111
46 388
95 158
116 513
146 154
144 556
93 620
29 590
20 364
51 84
16 59
55 551
11 497
127 204
2 269
87 342
95 448
94 13
98 548
50 402
48 606
37 188
112 8
26 171
124 571
95 210
119 94
46 380
3 88
42 146
90 403
76 482
133 340
99 577
92 141
48 215
45 433
144 597
12 301
2 61
119 143
8 623
108 153
71 573
100 84
137 470
114 456
98 587
105 567
52 437
58 144
51 79
37 175
132 267
77 69
67 469
103 344
138 450
141 95
35 114
45 367
4 43
108 161
120 372
12 418
124 61
134 581
45 388
82 65
93 224
34 103
78 348
97 281
50 320
148 446
42 428
130 139
75 260
11 221
25 148
90 561
124 578
36 222
108 266
59 245
0 294
94 304
91 44
17 65
142 211
99 415
80 572
92 231
40 598
73 89
8 468
76 76
100 289
14 509
102 330
142 166
38 224
52 19
139 433
133 377
95 467
29 531
44 595
63 495
106 463
11 437
12 227
107 474
72 556
43 191
67 235
138 134
133 205
96 471
120 605
107 402
34 266
112 111
128 320
24 551
25 183
70 210
143 622
11 174
12 165
102 560
100 596
45 475
142 592
68 559
83 419
40 270
33 518
67 171
50 604
118 613
8 335
133 446
79 5
79 7
59 603
31 186
143 381
114 496
79 359
110 43
70 512
3 88
34 438
136 365
33 230
31 327
7 298
63 18
20 514
38 217
45 336
109 188
6 184
26 187
118 235
120 571
8 415
13 402
64 167
138 520
127 241
9 210
46 245
91 587
76 125
7 373
69 328
22 426
52 494
32 305
46 91
90 101
146 31
108 608
124 390
30 467
127 600
107 419
133 153
101 596
59 308
43 611
85 155
75 269
125 275
39 498
131 570
97 121
104 350
51 48
24 482
53 620
142 313
47 423
81 542
57 617
117 613
130 607
28 139
62 537
24 571
56 525
92 131
145 239
81 0
137 470
139 548
129 188
62 1
129 576
37 383
145 514
0 295
69 388
43 494
62 592
95 456
94 78
143 261
96 189
137 478
260 297 195
43 136
207 30
132 64
276 115
218 177
41 1
222 191
109 104
2 63
171 108
131 148
274 26
28 137
220 68
274 84
108 145
62 61
109 32
239 190
235 183
241 42
76 137
67 71
242 33
223 119
210 28
57 178
139 177
119 183
217 111
141 15
134 51
65 147
120 6
43 35
176 180
46 90
172 71
140 124
203 57
251 159
141 31
33 96
116 172
63 170
267 110
73 59
130 66
48 50
155 64
19 131
98 75
295 170
189 143
108 164
232 102
229 46
93 180
78 57
126 182
245 155
58 173
198 18
179 180
160 28
60 66
89 53
255 97
151 156
244 38
260 157
34 163
265 185
155 105
38 63
197 78
78 100
27 192
166 10
245 143
253 181
219 110
186 66
141 22
35 12
12 107
287 112
199 132
173 178
21 147
50 45
207 24
187 148
127 23
153 154
104 154
91 91
152 134
202 36
40 141
114 128
254 173
98 39
69 101
222 106
204 176
21 146
112 12
70 133
284 61
15 158
33 187
116 44
117 168
212 193
287 40
219 77
131 81
111 82
12 51
12 190
9 56
52 187
252 195
73 60
48 128
41 36
215 33
0 156
207 72
201 30
250 190
151 41
161 136
5 17
297 27
102 174
61 64
150 108
287 7
274 80
23 147
150 15
204 108
293 97
74 85
21 8
41 147
129 155
137 128
88 35
171 140
165 151
67 91
269 28
250 187
114 190
293 180
235 35
126 136
25 184
149 172
236 61
229 153
116 123
211 104
226 109
117 127
40 14
131 83
270 77
276 107
79 125
63 36
193 96
267 162
102 154
284 145
31 174
128 191
7 56
64 19
147 105
48 33
97 81
208 73
293 146
166 186
190 140
101 149
142 156
15 188
208 165
7 90
227 0
99 4
198 141
179 177
76 38
234 81
139 86
253 190
62 7
209 24
73 164
49 143
112 4
172 150
86 33
282 73
37 86
260 1
277 13
282 190
91 148
239 127
94 142
77 183
28 62
121 57
20 97
29 22
255 97
175 31
102 21
69 76
263 139
87 51
202 16
1 160
12 76
237 115
147 80
274 85
15 25
296 85
278 103
188 136
248 85
289 91
234 32
213 126
121 4
155 40
94 178
32 185
108 159
224 189
7 162
152 142
19 177
78 70
188 96
266 45
53 133
212 155
40 63
199 53
149 22
187 88
657 706 610
442 272
569 396
345 479
34 358
676 530
146 327
547 561
479 408
615 541
376 580
586 200
609 14
225 559
500 513
674 405
505 481
501 60
94 320
219 227
59 604
631 381
42 601
430 122
243 97
355 269
128 211
138 131
109 192
387 241
525 328
661 557
494 483
420 235
459 315
446 145
557 378
455 18
0 131
279 42
382 574
592 64
162 551
406 171
116 160
610 607
171 332
122 457
43 329
412 282
339 429
44 227
387 227
654 450
408 271
495 357
19 78
459 180
134 388
182 36
109 152
185 196
379 356
105 459
8 504
655 604
534 558
268 289
357 350
467 419
172 506
6 16
367 242
237 487
488 547
482 338
369 326
609 227
706 346
194 145
389 207
85 447
706 243
162 214
434 138
279 375
615 454
662 502
481 587
372 601
476 61
591 266
680 136
616 458
365 454
552 491
110 512
701 90
284 337
331 13
516 593
347 394
492 53
295 406
224 435
259 322
107 494
568 158
501 355
625 271
311 494
644 134
266 479
396 426
525 184
291 452
227 597
353 372
670 291
143 564
608 219
45 497
276 22
527 7
248 545
667 346
646 430
139 595
401 360
620 160
151 504
283 365
572 121
255 414
578 64
452 413
397 412
83 270
268 113
609 466
651 441
99 247
197 338
660 329
503 411
682 402
642 375
56 183
53 168
65 184
306 123
705 285
172 552
534 128
422 603
686 598
30 566
114 578
181 235
691 266
640 556
228 224
655 98
105 92
326 163
227 268
687 32
493 95
37 268
457 524
623 588
691 82
515 516
38 111
166 116
270 61
419 204
405 153
75 578
98 339
546 406
192 302
415 435
544 182
165 391
71 237
25 376
599 185
19 138
125 192
525 443
588 583
186 423
334 224
662 370
394 291
622 444
187 258
295 149
513 130
184 305
406 182
505 456
480 7
94 319
440 505
159 337
586 73
473 602
202 195
510 19
660 296
71 238
620 502
30 154
692 87
169 159
289 300
555 293
222 255
397 507
291 38
142 15
497 39
248 179
66 137
319 491
476 433
25 261
49 276
546 116
0 149
291 404
413 51
81 31
518 583
456 455
193 543
137 504
236 246
412 205
436 41
187 90
414 89
189 73
570 537
228 499
340 350
17 294
388 148
412 96
442 139
166 513
489 180
348 538
553 363
50 579
78 599
217 153
181 180
686 212
31 301
345 562
457 163
282 327
326 571
68 203
585 134
561 55
403 511
250 511
255 0
397 553
404 423
556 561
617 207
224 479
473 33
312 434
225 560
93 279
312 458
477 390
396 587
558 181
533 313
208 24
132 330
145 186
243 63
144 515
394 69
666 53
96 87
115 69
596 26
602 443
234 219
391 351
703 553
589 567
646 268
206 339
425 444
473 15
210 317
552 547
144 188
495 259
513 476
292 197
683 66
333 146
425 22
135 366
697 188
681 601
544 73
573 328
396 130
661 183
686 263
369 108
42 109
95 0
633 580
688 247
575 608
113 206
197 164
581 480
567 549
554 82
601 74
397 299
489 28
55 422
16 603
458 512
446 56
479 457
233 366
275 557
639 487
126 268
367 379
620 163
150 377
497 214
618 427
200 426
538 271
599 517
409 537
343 134
61 586
521 389
305 571
127 94
207 257
98 258
555 269
95 112
208 553
615 257
644 0
250 594
93 195
53 419
358 78
515 485
242 419
579 395
148 483
651 597
554 10
223 535
625 551
266 84
640 134
111 21
147 300
211 290
368 390
472 387
256 421
304 407
475 410
205 379
613 450
272 182
56 495
593 394
544 525
672 88
326 94
78 67
167 610
443 164
284 225
150 17
353 87
197 150
361 385
610 551
551 54
457 454
401 114
311 259
495 601
447 572
83 341
317 364
680 270
382 386
698 123
527 416
145 598
196 479
285 255
503 367
140 541
467 133
462 448
510 454
79 13
95 407
506 329
143 351
61 343
331 254
81 299
127 563
34 511
462 314
288 124
180 235
241 280
700 480
584 150
112 325
484 14
691 174
349 548
492 217
248 536
328 22
132 416
285 166
509 175
217 242
28 550
384 238
202 120
266 603
611 317
608 205
315 209
536 559
315 178
98 198
167 408
50 97
611 575
331 415
105 17
370 323
675 293
267 557
155 554
116 570
641 140
312 361
205 313
644 267
192 246
376 479
191 570
658 256
626 114
374 443
426 487
22 469
522 486
566 354
688 238
601 460
429 247
602 2
77 291
447 440
304 8
628 580
272 158
455 271
457 56
80 174
25 28
572 483
392 332
382 104
136 424
153 222
212 545
223 9
317 264
423 151
517 527
274 125
654 116
139 117
146 155
311 485
187 93
584 584
337 469
682 269
266 526
634 228
614 487
498 571
685 457
576 298
424 2
308 334
166 476
370 175
396 513
214 89
16 293
50 306
80 24
557 319
591 341
420 171
499 556
452 128
290 128
568 50
465 9
108 134
346 606
539 391
319 245
349 388
574 313
554 574
290 544
24 47
619 601
537 262
655 235
620 222
469 586
111 379
516 312
454 240
428 594
56 585
197 271
241 536
671 331
11 80
223 552
294 309
344 116
413 362
137 120
261 600
100 513
429 461
321 41
637 292
327 492
520 22
122 399
588 506
8 332
206 154
365 485
367 90
354 193
597 227
264 196
122 294
388 354
4 198
593 120
348 190
358 526
31 39
216 45
432 320
242 177
320 536
296 97
206 537
491 237
300 604
248 139
279 417
132 316
234 49
655 264
231 439
37 337
651 495
612 68
342 34
37 448
350 181
373 355
7 110
653 31
72 301
595 275
560 435
499 493
610 417
535 493
618 326
699 379
690 373
669 69
481 82
11 137
63 222
546 141
542 359
378 320
416 114
123 42
16 346
88 192
93 566
490 168
354 64
298 262
244 268
393 119
125 124
581 384
653 22
259 564
643 583
261 316
633 28
217 520
31 52
433 296
659 557
701 175
564 170
373 333
553 43
558 559
328 478
25 399
