3
1000 1000 1000
0 0
1 1
2 2
3 3
4 4
5 5
6 6
7 7
8 8
9 9
10 10
11 11
12 12
13 13
14 14
15 15
16 16
17 17
18 18
19 19
20 20
21 21
22 22
23 23
24 24
25 25
26 26
27 27
28 28
29 29
30 30
31 31
32 32
33 33
34 34
35 35
36 36
37 37
38 38
39 39
40 40
41 41
42 42
43 43
44 44
45 45
46 46
47 47
48 48
49 49
50 50
51 51
52 52
53 53
54 54
55 55
56 56
57 57
58 58
59 59
60 60
61 61
62 62
63 63
64 64
65 65
66 66
67 67
68 68
69 69
70 70
71 71
72 72
73 73
74 74
75 75
76 76
77 77
78 78
79 79
80 80
81 81
82 82
83 83
84 84
85 85
86 86
87 87
88 88
89 89
90 90
91 91
92 92
93 93
94 94
95 95
96 96
97 97
98 98
99 99
100 100
101 101
102 102
103 103
104 104
105 105
106 106
107 107
108 108
109 109
110 110
111 111
112 112
113 113
114 114
115 115
116 116
117 117
118 118
119 119
120 120
121 121
122 122
123 123
124 124
125 125
126 126
127 127
128 128
129 129
130 130
131 131
132 132
133 133
134 134
135 135
136 136
137 137
138 138
139 139
140 140
141 141
142 142
143 143
144 144
145 145
146 146
147 147
148 148
149 149
150 150
151 151
152 152
153 153
154 154
155 155
156 156
157 157
158 158
159 159
160 160
161 161
162 162
163 163
164 164
165 165
166 166
167 167
168 168
169 169
170 170
171 171
172 172
173 173
174 174
175 175
176 176
177 177
178 178
179 179
180 180
181 181
182 182
183 183
184 184
185 185
186 186
187 187
188 188
189 189
190 190
191 191
192 192
193 193
194 194
195 195
196 196
197 197
198 198
199 199
200 200
201 201
202 202
203 203
204 204
205 205
206 206
207 207
208 208
209 209
210 210
211 211
212 212
213 213
214 214
215 215
216 216
217 217
218 218
219 219
220 220
221 221
222 222
223 223
224 224
225 225
226 226
227 227
228 228
229 229
230 230
231 231
232 232
233 233
234 234
235 235
236 236
237 237
238 238
239 239
240 240
241 241
242 242
243 243
244 244
245 245
246 246
247 247
248 248
249 249
250 250
251 251
252 252
253 253
254 254
255 255
256 256
257 257
258 258
259 259
260 260
261 261
262 262
263 263
264 264
265 265
266 266
267 267
268 268
269 269
270 270
271 271
272 272
273 273
274 274
275 275
276 276
277 277
278 278
279 279
280 280
281 281
282 282
283 283
284 284
285 285
286 286
287 287
288 288
289 289
290 290
291 291
292 292
293 293
294 294
295 295
296 296
297 297
298 298
299 299
300 300
301 301
302 302
303 303
304 304
305 305
306 306
307 307
308 308
309 309
310 310
311 311
312 312
313 313
314 314
315 315
316 316
317 317
318 318
319 319
320 320
321 321
322 322
323 323
324 324
325 325
326 326
327 327
328 328
329 329
330 330
331 331
332 332
333 333
334 334
335 335
336 336
337 337
338 338
339 339
340 340
341 341
342 342
343 343
344 344
345 345
346 346
347 347
348 348
349 349
350 350
351 351
352 352
353 353
354 354
355 355
356 356
357 357
358 358
359 359
360 360
361 361
362 362
363 363
364 364
365 365
366 366
367 367
368 368
369 369
370 370
371 371
372 372
373 373
374 374
375 375
376 376
377 377
378 378
379 379
380 380
381 381
382 382
383 383
384 384
385 385
386 386
387 387
388 388
389 389
390 390
391 391
392 392
393 393
394 394
395 395
396 396
397 397
398 398
399 399
400 400
401 401
402 402
403 403
404 404
405 405
406 406
407 407
408 408
409 409
410 410
411 411
412 412
413 413
414 414
415 415
416 416
417 417
418 418
419 419
420 420
421 421
422 422
423 423
424 424
425 425
426 426
427 427
428 428
429 429
430 430
431 431
432 432
433 433
434 434
435 435
436 436
437 437
438 438
439 439
440 440
441 441
442 442
443 443
444 444
445 445
446 446
447 447
448 448
449 449
450 450
451 451
452 452
453 453
454 454
455 455
456 456
457 457
458 458
459 459
460 460
461 461
462 462
463 463
464 464
465 465
466 466
467 467
468 468
469 469
470 470
471 471
472 472
473 473
474 474
475 475
476 476
477 477
478 478
479 479
480 480
481 481
482 482
483 483
484 484
485 485
486 486
487 487
488 488
489 489
490 490
491 491
492 492
493 493
494 494
495 495
496 496
497 497
498 498
499 499
500 500
501 501
502 502
503 503
504 504
505 505
506 506
507 507
508 508
509 509
510 510
511 511
512 512
513 513
514 514
515 515
516 516
517 517
518 518
519 519
520 520
521 521
522 522
523 523
524 524
525 525
526 526
527 527
528 528
529 529
530 530
531 531
532 532
533 533
534 534
535 535
536 536
537 537
538 538
539 539
540 540
541 541
542 542
543 543
544 544
545 545
546 546
547 547
548 548
549 549
550 550
551 551
552 552
553 553
554 554
555 555
556 556
557 557
558 558
559 559
560 560
561 561
562 562
563 563
564 564
565 565
566 566
567 567
568 568
569 569
570 570
571 571
572 572
573 573
574 574
575 575
576 576
577 577
578 578
579 579
580 580
581 581
582 582
583 583
584 584
585 585
586 586
587 587
588 588
589 589
590 590
591 591
592 592
593 593
594 594
595 595
596 596
597 597
598 598
599 599
600 600
601 601
602 602
603 603
604 604
605 605
606 606
607 607
608 608
609 609
610 610
611 611
612 612
613 613
614 614
615 615
616 616
617 617
618 618
619 619
620 620
621 621
622 622
623 623
624 624
625 625
626 626
627 627
628 628
629 629
630 630
631 631
632 632
633 633
634 634
635 635
636 636
637 637
638 638
639 639
640 640
641 641
642 642
643 643
644 644
645 645
646 646
647 647
648 648
649 649
650 650
651 651
652 652
653 653
654 654
655 655
656 656
657 657
658 658
659 659
660 660
661 661
662 662
663 663
664 664
665 665
666 666
667 667
668 668
669 669
670 670
671 671
672 672
673 673
674 674
675 675
676 676
677 677
678 678
679 679
680 680
681 681
682 682
683 683
684 684
685 685
686 686
687 687
688 688
689 689
690 690
691 691
692 692
693 693
694 694
695 695
696 696
697 697
698 698
699 699
700 700
701 701
702 702
703 703
704 704
705 705
706 706
707 707
708 708
709 709
710 710
711 711
712 712
713 713
714 714
715 715
716 716
717 717
718 718
719 719
720 720
721 721
722 722
723 723
724 724
725 725
726 726
727 727
728 728
729 729
730 730
731 731
732 732
733 733
734 734
735 735
736 736
737 737
738 738
739 739
740 740
741 741
742 742
743 743
744 744
745 745
746 746
747 747
748 748
749 749
750 750
751 751
752 752
753 753
754 754
755 755
756 756
757 757
758 758
759 759
760 760
761 761
762 762
763 763
764 764
765 765
766 766
767 767
768 768
769 769
770 770
771 771
772 772
773 773
774 774
775 775
776 776
777 777
778 778
779 779
780 780
781 781
782 782
783 783
784 784
785 785
786 786
787 787
788 788
789 789
790 790
791 791
792 792
793 793
794 794
795 795
796 796
797 797
798 798
799 799
800 800
801 801
802 802
803 803
804 804
805 805
806 806
807 807
808 808
809 809
810 810
811 811
812 812
813 813
814 814
815 815
816 816
817 817
818 818
819 819
820 820
821 821
822 822
823 823
824 824
825 825
826 826
827 827
828 828
829 829
830 830
831 831
832 832
833 833
834 834
835 835
836 836
837 837
838 838
839 839
840 840
841 841
842 842
843 843
844 844
845 845
846 846
847 847
848 848
849 849
850 850
851 851
852 852
853 853
854 854
855 855
856 856
857 857
858 858
859 859
860 860
861 861
862 862
863 863
864 864
865 865
866 866
867 867
868 868
869 869
870 870
871 871
872 872
873 873
874 874
875 875
876 876
877 877
878 878
879 879
880 880
881 881
882 882
883 883
884 884
885 885
886 886
887 887
888 888
889 889
890 890
891 891
892 892
893 893
894 894
895 895
896 896
897 897
898 898
899 899
900 900
901 901
902 902
903 903
904 904
905 905
906 906
907 907
908 908
909 909
910 910
911 911
912 912
913 913
914 914
915 915
916 916
917 917
918 918
919 919
920 920
921 921
922 922
923 923
924 924
925 925
926 926
927 927
928 928
929 929
930 930
931 931
932 932
933 933
934 934
935 935
936 936
937 937
938 938
939 939
940 940
941 941
942 942
943 943
944 944
945 945
946 946
947 947
948 948
949 949
950 950
951 951
952 952
953 953
954 954
955 955
956 956
957 957
958 958
959 959
960 960
961 961
962 962
963 963
964 964
965 965
966 966
967 967
968 968
969 969
970 970
971 971
972 972
973 973
974 974
975 975
976 976
977 977
978 978
979 979
980 980
981 981
982 982
983 983
984 984
985 985
986 986
987 987
988 988
989 989
990 990
991 991
992 992
993 993
994 994
995 995
996 996
997 997
998 998
999 999
1000 1000 1000
0 0
0 1
2 1
2 2
4 2
4 3
6 3
6 4
8 4
8 5
10 5
10 6
12 6
12 7
14 7
14 8
16 8
16 9
18 9
18 10
20 10
20 11
22 11
22 12
24 12
24 13
26 13
26 14
28 14
28 15
30 15
30 16
32 16
32 17
34 17
34 18
36 18
36 19
38 19
38 20
40 20
40 21
42 21
42 22
44 22
44 23
46 23
46 24
48 24
48 25
50 25
50 26
52 26
52 27
54 27
54 28
56 28
56 29
58 29
58 30
60 30
60 31
62 31
62 32
64 32
64 33
66 33
66 34
68 34
68 35
70 35
70 36
72 36
72 37
74 37
74 38
76 38
76 39
78 39
78 40
80 40
80 41
82 41
82 42
84 42
84 43
86 43
86 44
88 44
88 45
90 45
90 46
92 46
92 47
94 47
94 48
96 48
96 49
98 49
98 50
100 50
100 51
102 51
102 52
104 52
104 53
106 53
106 54
108 54
108 55
110 55
110 56
112 56
112 57
114 57
114 58
116 58
116 59
118 59
118 60
120 60
120 61
122 61
122 62
124 62
124 63
126 63
126 64
128 64
128 65
130 65
130 66
132 66
132 67
134 67
134 68
136 68
136 69
138 69
138 70
140 70
140 71
142 71
142 72
144 72
144 73
146 73
146 74
148 74
148 75
150 75
150 76
152 76
152 77
154 77
154 78
156 78
156 79
158 79
158 80
160 80
160 81
162 81
162 82
164 82
164 83
166 83
166 84
168 84
168 85
170 85
170 86
172 86
172 87
174 87
174 88
176 88
176 89
178 89
178 90
180 90
180 91
182 91
182 92
184 92
184 93
186 93
186 94
188 94
188 95
190 95
190 96
192 96
192 97
194 97
194 98
196 98
196 99
198 99
198 100
200 100
200 101
202 101
202 102
204 102
204 103
206 103
206 104
208 104
208 105
210 105
210 106
212 106
212 107
214 107
214 108
216 108
216 109
218 109
218 110
220 110
220 111
222 111
222 112
224 112
224 113
226 113
226 114
228 114
228 115
230 115
230 116
232 116
232 117
234 117
234 118
236 118
236 119
238 119
238 120
240 120
240 121
242 121
242 122
244 122
244 123
246 123
246 124
248 124
248 125
250 125
250 126
252 126
252 127
254 127
254 128
256 128
256 129
258 129
258 130
260 130
260 131
262 131
262 132
264 132
264 133
266 133
266 134
268 134
268 135
270 135
270 136
272 136
272 137
274 137
274 138
276 138
276 139
278 139
278 140
280 140
280 141
282 141
282 142
284 142
284 143
286 143
286 144
288 144
288 145
290 145
290 146
292 146
292 147
294 147
294 148
296 148
296 149
298 149
298 150
300 150
300 151
302 151
302 152
304 152
304 153
306 153
306 154
308 154
308 155
310 155
310 156
312 156
312 157
314 157
314 158
316 158
316 159
318 159
318 160
320 160
320 161
322 161
322 162
324 162
324 163
326 163
326 164
328 164
328 165
330 165
330 166
332 166
332 167
334 167
334 168
336 168
336 169
338 169
338 170
340 170
340 171
342 171
342 172
344 172
344 173
346 173
346 174
348 174
348 175
350 175
350 176
352 176
352 177
354 177
354 178
356 178
356 179
358 179
358 180
360 180
360 181
362 181
362 182
364 182
364 183
366 183
366 184
368 184
368 185
370 185
370 186
372 186
372 187
374 187
374 188
376 188
376 189
378 189
378 190
380 190
380 191
382 191
382 192
384 192
384 193
386 193
386 194
388 194
388 195
390 195
390 196
392 196
392 197
394 197
394 198
396 198
396 199
398 199
398 200
400 200
400 201
402 201
402 202
404 202
404 203
406 203
406 204
408 204
408 205
410 205
410 206
412 206
412 207
414 207
414 208
416 208
416 209
418 209
418 210
420 210
420 211
422 211
422 212
424 212
424 213
426 213
426 214
428 214
428 215
430 215
430 216
432 216
432 217
434 217
434 218
436 218
436 219
438 219
438 220
440 220
440 221
442 221
442 222
444 222
444 223
446 223
446 224
448 224
448 225
450 225
450 226
452 226
452 227
454 227
454 228
456 228
456 229
458 229
458 230
460 230
460 231
462 231
462 232
464 232
464 233
466 233
466 234
468 234
468 235
470 235
470 236
472 236
472 237
474 237
474 238
476 238
476 239
478 239
478 240
480 240
480 241
482 241
482 242
484 242
484 243
486 243
486 244
488 244
488 245
490 245
490 246
492 246
492 247
494 247
494 248
496 248
496 249
498 249
498 250
500 250
500 251
502 251
502 252
504 252
504 253
506 253
506 254
508 254
508 255
510 255
510 256
512 256
512 257
514 257
514 258
516 258
516 259
518 259
518 260
520 260
520 261
522 261
522 262
524 262
524 263
526 263
526 264
528 264
528 265
530 265
530 266
532 266
532 267
534 267
534 268
536 268
536 269
538 269
538 270
540 270
540 271
542 271
542 272
544 272
544 273
546 273
546 274
548 274
548 275
550 275
550 276
552 276
552 277
554 277
554 278
556 278
556 279
558 279
558 280
560 280
560 281
562 281
562 282
564 282
564 283
566 283
566 284
568 284
568 285
570 285
570 286
572 286
572 287
574 287
574 288
576 288
576 289
578 289
578 290
580 290
580 291
582 291
582 292
584 292
584 293
586 293
586 294
588 294
588 295
590 295
590 296
592 296
592 297
594 297
594 298
596 298
596 299
598 299
598 300
600 300
600 301
602 301
602 302
604 302
604 303
606 303
606 304
608 304
608 305
610 305
610 306
612 306
612 307
614 307
614 308
616 308
616 309
618 309
618 310
620 310
620 311
622 311
622 312
624 312
624 313
626 313
626 314
628 314
628 315
630 315
630 316
632 316
632 317
634 317
634 318
636 318
636 319
638 319
638 320
640 320
640 321
642 321
642 322
644 322
644 323
646 323
646 324
648 324
648 325
650 325
650 326
652 326
652 327
654 327
654 328
656 328
656 329
658 329
658 330
660 330
660 331
662 331
662 332
664 332
664 333
666 333
666 334
668 334
668 335
670 335
670 336
672 336
672 337
674 337
674 338
676 338
676 339
678 339
678 340
680 340
680 341
682 341
682 342
684 342
684 343
686 343
686 344
688 344
688 345
690 345
690 346
692 346
692 347
694 347
694 348
696 348
696 349
698 349
698 350
700 350
700 351
702 351
702 352
704 352
704 353
706 353
706 354
708 354
708 355
710 355
710 356
712 356
712 357
714 357
714 358
716 358
716 359
718 359
718 360
720 360
720 361
722 361
722 362
724 362
724 363
726 363
726 364
728 364
728 365
730 365
730 366
732 366
732 367
734 367
734 368
736 368
736 369
738 369
738 370
740 370
740 371
742 371
742 372
744 372
744 373
746 373
746 374
748 374
748 375
750 375
750 376
752 376
752 377
754 377
754 378
756 378
756 379
758 379
758 380
760 380
760 381
762 381
762 382
764 382
764 383
766 383
766 384
768 384
768 385
770 385
770 386
772 386
772 387
774 387
774 388
776 388
776 389
778 389
778 390
780 390
780 391
782 391
782 392
784 392
784 393
786 393
786 394
788 394
788 395
790 395
790 396
792 396
792 397
794 397
794 398
796 398
796 399
798 399
798 400
800 400
800 401
802 401
802 402
804 402
804 403
806 403
806 404
808 404
808 405
810 405
810 406
812 406
812 407
814 407
814 408
816 408
816 409
818 409
818 410
820 410
820 411
822 411
822 412
824 412
824 413
826 413
826 414
828 414
828 415
830 415
830 416
832 416
832 417
834 417
834 418
836 418
836 419
838 419
838 420
840 420
840 421
842 421
842 422
844 422
844 423
846 423
846 424
848 424
848 425
850 425
850 426
852 426
852 427
854 427
854 428
856 428
856 429
858 429
858 430
860 430
860 431
862 431
862 432
864 432
864 433
866 433
866 434
868 434
868 435
870 435
870 436
872 436
872 437
874 437
874 438
876 438
876 439
878 439
878 440
880 440
880 441
882 441
882 442
884 442
884 443
886 443
886 444
888 444
888 445
890 445
890 446
892 446
892 447
894 447
894 448
896 448
896 449
898 449
898 450
900 450
900 451
902 451
902 452
904 452
904 453
906 453
906 454
908 454
908 455
910 455
910 456
912 456
912 457
914 457
914 458
916 458
916 459
918 459
918 460
920 460
920 461
922 461
922 462
924 462
924 463
926 463
926 464
928 464
928 465
930 465
930 466
932 466
932 467
934 467
934 468
936 468
936 469
938 469
938 470
940 470
940 471
942 471
942 472
944 472
944 473
946 473
946 474
948 474
948 475
950 475
950 476
952 476
952 477
954 477
954 478
956 478
956 479
958 479
958 480
960 480
960 481
962 481
962 482
964 482
964 483
966 483
966 484
968 484
968 485
970 485
970 486
972 486
972 487
974 487
974 488
976 488
976 489
978 489
978 490
980 490
980 491
982 491
982 492
984 492
984 493
986 493
986 494
988 494
988 495
990 495
990 496
992 496
992 497
994 497
994 498
996 498
996 499
998 499
998 500
992 10 1000
3 3
4 3
5 3
6 3
7 3
8 3
9 3
10 3
0 6
1 6
2 6
3 6
4 6
5 6
6 6
7 6
3 9
4 9
5 9
6 9
7 9
8 9
9 9
10 9
0 12
1 12
2 12
3 12
4 12
5 12
6 12
7 12
3 15
4 15
5 15
6 15
7 15
8 15
9 15
10 15
0 18
1 18
2 18
3 18
4 18
5 18
6 18
7 18
3 21
4 21
5 21
6 21
7 21
8 21
9 21
10 21
0 24
1 24
2 24
3 24
4 24
5 24
6 24
7 24
3 27
4 27
5 27
6 27
7 27
8 27
9 27
10 27
0 30
1 30
2 30
3 30
4 30
5 30
6 30
7 30
3 33
4 33
5 33
6 33
7 33
8 33
9 33
10 33
0 36
1 36
2 36
3 36
4 36
5 36
6 36
7 36
3 39
4 39
5 39
6 39
7 39
8 39
9 39
10 39
0 42
1 42
2 42
3 42
4 42
5 42
6 42
7 42
3 45
4 45
5 45
6 45
7 45
8 45
9 45
10 45
0 48
1 48
2 48
3 48
4 48
5 48
6 48
7 48
3 51
4 51
5 51
6 51
7 51
8 51
9 51
10 51
0 54
1 54
2 54
3 54
4 54
5 54
6 54
7 54
3 57
4 57
5 57
6 57
7 57
8 57
9 57
10 57
0 60
1 60
2 60
3 60
4 60
5 60
6 60
7 60
3 63
4 63
5 63
6 63
7 63
8 63
9 63
10 63
0 66
1 66
2 66
3 66
4 66
5 66
6 66
7 66
3 69
4 69
5 69
6 69
7 69
8 69
9 69
10 69
0 72
1 72
2 72
3 72
4 72
5 72
6 72
7 72
3 75
4 75
5 75
6 75
7 75
8 75
9 75
10 75
0 78
1 78
2 78
3 78
4 78
5 78
6 78
7 78
3 81
4 81
5 81
6 81
7 81
8 81
9 81
10 81
0 84
1 84
2 84
3 84
4 84
5 84
6 84
7 84
3 87
4 87
5 87
6 87
7 87
8 87
9 87
10 87
0 90
1 90
2 90
3 90
4 90
5 90
6 90
7 90
3 93
4 93
5 93
6 93
7 93
8 93
9 93
10 93
0 96
1 96
2 96
3 96
4 96
5 96
6 96
7 96
3 99
4 99
5 99
6 99
7 99
8 99
9 99
10 99
0 102
1 102
2 102
3 102
4 102
5 102
6 102
7 102
3 105
4 105
5 105
6 105
7 105
8 105
9 105
10 105
0 108
1 108
2 108
3 108
4 108
5 108
6 108
7 108
3 111
4 111
5 111
6 111
7 111
8 111
9 111
10 111
0 114
1 114
2 114
3 114
4 114
5 114
6 114
7 114
3 117
4 117
5 117
6 117
7 117
8 117
9 117
10 117
0 120
1 120
2 120
3 120
4 120
5 120
6 120
7 120
3 123
4 123
5 123
6 123
7 123
8 123
9 123
10 123
0 126
1 126
2 126
3 126
4 126
5 126
6 126
7 126
3 129
4 129
5 129
6 129
7 129
8 129
9 129
10 129
0 132
1 132
2 132
3 132
4 132
5 132
6 132
7 132
3 135
4 135
5 135
6 135
7 135
8 135
9 135
10 135
0 138
1 138
2 138
3 138
4 138
5 138
6 138
7 138
3 141
4 141
5 141
6 141
7 141
8 141
9 141
10 141
0 144
1 144
2 144
3 144
4 144
5 144
6 144
7 144
3 147
4 147
5 147
6 147
7 147
8 147
9 147
10 147
0 150
1 150
2 150
3 150
4 150
5 150
6 150
7 150
3 153
4 153
5 153
6 153
7 153
8 153
9 153
10 153
0 156
1 156
2 156
3 156
4 156
5 156
6 156
7 156
3 159
4 159
5 159
6 159
7 159
8 159
9 159
10 159
0 162
1 162
2 162
3 162
4 162
5 162
6 162
7 162
3 165
4 165
5 165
6 165
7 165
8 165
9 165
10 165
0 168
1 168
2 168
3 168
4 168
5 168
6 168
7 168
3 171
4 171
5 171
6 171
7 171
8 171
9 171
10 171
0 174
1 174
2 174
3 174
4 174
5 174
6 174
7 174
3 177
4 177
5 177
6 177
7 177
8 177
9 177
10 177
0 180
1 180
2 180
3 180
4 180
5 180
6 180
7 180
3 183
4 183
5 183
6 183
7 183
8 183
9 183
10 183
0 186
1 186
2 186
3 186
4 186
5 186
6 186
7 186
3 189
4 189
5 189
6 189
7 189
8 189
9 189
10 189
0 192
1 192
2 192
3 192
4 192
5 192
6 192
7 192
3 195
4 195
5 195
6 195
7 195
8 195
9 195
10 195
0 198
1 198
2 198
3 198
4 198
5 198
6 198
7 198
3 201
4 201
5 201
6 201
7 201
8 201
9 201
10 201
0 204
1 204
2 204
3 204
4 204
5 204
6 204
7 204
3 207
4 207
5 207
6 207
7 207
8 207
9 207
10 207
0 210
1 210
2 210
3 210
4 210
5 210
6 210
7 210
3 213
4 213
5 213
6 213
7 213
8 213
9 213
10 213
0 216
1 216
2 216
3 216
4 216
5 216
6 216
7 216
3 219
4 219
5 219
6 219
7 219
8 219
9 219
10 219
0 222
1 222
2 222
3 222
4 222
5 222
6 222
7 222
3 225
4 225
5 225
6 225
7 225
8 225
9 225
10 225
0 228
1 228
2 228
3 228
4 228
5 228
6 228
7 228
3 231
4 231
5 231
6 231
7 231
8 231
9 231
10 231
0 234
1 234
2 234
3 234
4 234
5 234
6 234
7 234
3 237
4 237
5 237
6 237
7 237
8 237
9 237
10 237
0 240
1 240
2 240
3 240
4 240
5 240
6 240
7 240
3 243
4 243
5 243
6 243
7 243
8 243
9 243
10 243
0 246
1 246
2 246
3 246
4 246
5 246
6 246
7 246
3 249
4 249
5 249
6 249
7 249
8 249
9 249
10 249
0 252
1 252
2 252
3 252
4 252
5 252
6 252
7 252
3 255
4 255
5 255
6 255
7 255
8 255
9 255
10 255
0 258
1 258
2 258
3 258
4 258
5 258
6 258
7 258
3 261
4 261
5 261
6 261
7 261
8 261
9 261
10 261
0 264
1 264
2 264
3 264
4 264
5 264
6 264
7 264
3 267
4 267
5 267
6 267
7 267
8 267
9 267
10 267
0 270
1 270
2 270
3 270
4 270
5 270
6 270
7 270
3 273
4 273
5 273
6 273
7 273
8 273
9 273
10 273
0 276
1 276
2 276
3 276
4 276
5 276
6 276
7 276
3 279
4 279
5 279
6 279
7 279
8 279
9 279
10 279
0 282
1 282
2 282
3 282
4 282
5 282
6 282
7 282
3 285
4 285
5 285
6 285
7 285
8 285
9 285
10 285
0 288
1 288
2 288
3 288
4 288
5 288
6 288
7 288
3 291
4 291
5 291
6 291
7 291
8 291
9 291
10 291
0 294
1 294
2 294
3 294
4 294
5 294
6 294
7 294
3 297
4 297
5 297
6 297
7 297
8 297
9 297
10 297
0 300
1 300
2 300
3 300
4 300
5 300
6 300
7 300
3 303
4 303
5 303
6 303
7 303
8 303
9 303
10 303
0 306
1 306
2 306
3 306
4 306
5 306
6 306
7 306
3 309
4 309
5 309
6 309
7 309
8 309
9 309
10 309
0 312
1 312
2 312
3 312
4 312
5 312
6 312
7 312
3 315
4 315
5 315
6 315
7 315
8 315
9 315
10 315
0 318
1 318
2 318
3 318
4 318
5 318
6 318
7 318
3 321
4 321
5 321
6 321
7 321
8 321
9 321
10 321
0 324
1 324
2 324
3 324
4 324
5 324
6 324
7 324
3 327
4 327
5 327
6 327
7 327
8 327
9 327
10 327
0 330
1 330
2 330
3 330
4 330
5 330
6 330
7 330
3 333
4 333
5 333
6 333
7 333
8 333
9 333
10 333
0 336
1 336
2 336
3 336
4 336
5 336
6 336
7 336
3 339
4 339
5 339
6 339
7 339
8 339
9 339
10 339
0 342
1 342
2 342
3 342
4 342
5 342
6 342
7 342
3 345
4 345
5 345
6 345
7 345
8 345
9 345
10 345
0 348
1 348
2 348
3 348
4 348
5 348
6 348
7 348
3 351
4 351
5 351
6 351
7 351
8 351
9 351
10 351
0 354
1 354
2 354
3 354
4 354
5 354
6 354
7 354
3 357
4 357
5 357
6 357
7 357
8 357
9 357
10 357
0 360
1 360
2 360
3 360
4 360
5 360
6 360
7 360
3 363
4 363
5 363
6 363
7 363
8 363
9 363
10 363
0 366
1 366
2 366
3 366
4 366
5 366
6 366
7 366
3 369
4 369
5 369
6 369
7 369
8 369
9 369
10 369
0 372
1 372
2 372
3 372
4 372
5 372
6 372
7 372
992 10 1000
3 4
4 4
5 4
6 4
7 4
8 4
9 4
10 4
0 8
1 8
2 8
3 8
4 8
5 8
6 8
7 8
3 12
4 12
5 12
6 12
7 12
8 12
9 12
10 12
0 16
1 16
2 16
3 16
4 16
5 16
6 16
7 16
3 20
4 20
5 20
6 20
7 20
8 20
9 20
10 20
0 24
1 24
2 24
3 24
4 24
5 24
6 24
7 24
3 28
4 28
5 28
6 28
7 28
8 28
9 28
10 28
0 32
1 32
2 32
3 32
4 32
5 32
6 32
7 32
3 36
4 36
5 36
6 36
7 36
8 36
9 36
10 36
0 40
1 40
2 40
3 40
4 40
5 40
6 40
7 40
3 44
4 44
5 44
6 44
7 44
8 44
9 44
10 44
0 48
1 48
2 48
3 48
4 48
5 48
6 48
7 48
3 52
4 52
5 52
6 52
7 52
8 52
9 52
10 52
0 56
1 56
2 56
3 56
4 56
5 56
6 56
7 56
3 60
4 60
5 60
6 60
7 60
8 60
9 60
10 60
0 64
1 64
2 64
3 64
4 64
5 64
6 64
7 64
3 68
4 68
5 68
6 68
7 68
8 68
9 68
10 68
0 72
1 72
2 72
3 72
4 72
5 72
6 72
7 72
3 76
4 76
5 76
6 76
7 76
8 76
9 76
10 76
0 80
1 80
2 80
3 80
4 80
5 80
6 80
7 80
3 84
4 84
5 84
6 84
7 84
8 84
9 84
10 84
0 88
1 88
2 88
3 88
4 88
5 88
6 88
7 88
3 92
4 92
5 92
6 92
7 92
8 92
9 92
10 92
0 96
1 96
2 96
3 96
4 96
5 96
6 96
7 96
3 100
4 100
5 100
6 100
7 100
8 100
9 100
10 100
0 104
1 104
2 104
3 104
4 104
5 104
6 104
7 104
3 108
4 108
5 108
6 108
7 108
8 108
9 108
10 108
0 112
1 112
2 112
3 112
4 112
5 112
6 112
7 112
3 116
4 116
5 116
6 116
7 116
8 116
9 116
10 116
0 120
1 120
2 120
3 120
4 120
5 120
6 120
7 120
3 124
4 124
5 124
6 124
7 124
8 124
9 124
10 124
0 128
1 128
2 128
3 128
4 128
5 128
6 128
7 128
3 132
4 132
5 132
6 132
7 132
8 132
9 132
10 132
0 136
1 136
2 136
3 136
4 136
5 136
6 136
7 136
3 140
4 140
5 140
6 140
7 140
8 140
9 140
10 140
0 144
1 144
2 144
3 144
4 144
5 144
6 144
7 144
3 148
4 148
5 148
6 148
7 148
8 148
9 148
10 148
0 152
1 152
2 152
3 152
4 152
5 152
6 152
7 152
3 156
4 156
5 156
6 156
7 156
8 156
9 156
10 156
0 160
1 160
2 160
3 160
4 160
5 160
6 160
7 160
3 164
4 164
5 164
6 164
7 164
8 164
9 164
10 164
0 168
1 168
2 168
3 168
4 168
5 168
6 168
7 168
3 172
4 172
5 172
6 172
7 172
8 172
9 172
10 172
0 176
1 176
2 176
3 176
4 176
5 176
6 176
7 176
3 180
4 180
5 180
6 180
7 180
8 180
9 180
10 180
0 184
1 184
2 184
3 184
4 184
5 184
6 184
7 184
3 188
4 188
5 188
6 188
7 188
8 188
9 188
10 188
0 192
1 192
2 192
3 192
4 192
5 192
6 192
7 192
3 196
4 196
5 196
6 196
7 196
8 196
9 196
10 196
0 200
1 200
2 200
3 200
4 200
5 200
6 200
7 200
3 204
4 204
5 204
6 204
7 204
8 204
9 204
10 204
0 208
1 208
2 208
3 208
4 208
5 208
6 208
7 208
3 212
4 212
5 212
6 212
7 212
8 212
9 212
10 212
0 216
1 216
2 216
3 216
4 216
5 216
6 216
7 216
3 220
4 220
5 220
6 220
7 220
8 220
9 220
10 220
0 224
1 224
2 224
3 224
4 224
5 224
6 224
7 224
3 228
4 228
5 228
6 228
7 228
8 228
9 228
10 228
0 232
1 232
2 232
3 232
4 232
5 232
6 232
7 232
3 236
4 236
5 236
6 236
7 236
8 236
9 236
10 236
0 240
1 240
2 240
3 240
4 240
5 240
6 240
7 240
3 244
4 244
5 244
6 244
7 244
8 244
9 244
10 244
0 248
1 248
2 248
3 248
4 248
5 248
6 248
7 248
3 252
4 252
5 252
6 252
7 252
8 252
9 252
10 252
0 256
1 256
2 256
3 256
4 256
5 256
6 256
7 256
3 260
4 260
5 260
6 260
7 260
8 260
9 260
10 260
0 264
1 264
2 264
3 264
4 264
5 264
6 264
7 264
3 268
4 268
5 268
6 268
7 268
8 268
9 268
10 268
0 272
1 272
2 272
3 272
4 272
5 272
6 272
7 272
3 276
4 276
5 276
6 276
7 276
8 276
9 276
10 276
0 280
1 280
2 280
3 280
4 280
5 280
6 280
7 280
3 284
4 284
5 284
6 284
7 284
8 284
9 284
10 284
0 288
1 288
2 288
3 288
4 288
5 288
6 288
7 288
3 292
4 292
5 292
6 292
7 292
8 292
9 292
10 292
0 296
1 296
2 296
3 296
4 296
5 296
6 296
7 296
3 300
4 300
5 300
6 300
7 300
8 300
9 300
10 300
0 304
1 304
2 304
3 304
4 304
5 304
6 304
7 304
3 308
4 308
5 308
6 308
7 308
8 308
9 308
10 308
0 312
1 312
2 312
3 312
4 312
5 312
6 312
7 312
3 316
4 316
5 316
6 316
7 316
8 316
9 316
10 316
0 320
1 320
2 320
3 320
4 320
5 320
6 320
7 320
3 324
4 324
5 324
6 324
7 324
8 324
9 324
10 324
0 328
1 328
2 328
3 328
4 328
5 328
6 328
7 328
3 332
4 332
5 332
6 332
7 332
8 332
9 332
10 332
0 336
1 336
2 336
3 336
4 336
5 336
6 336
7 336
3 340
4 340
5 340
6 340
7 340
8 340
9 340
10 340
0 344
1 344
2 344
3 344
4 344
5 344
6 344
7 344
3 348
4 348
5 348
6 348
7 348
8 348
9 348
10 348
0 352
1 352
2 352
3 352
4 352
5 352
6 352
7 352
3 356
4 356
5 356
6 356
7 356
8 356
9 356
10 356
0 360
1 360
2 360
3 360
4 360
5 360
6 360
7 360
3 364
4 364
5 364
6 364
7 364
8 364
9 364
10 364
0 368
1 368
2 368
3 368
4 368
5 368
6 368
7 368
3 372
4 372
5 372
6 372
7 372
8 372
9 372
10 372
0 376
1 376
2 376
3 376
4 376
5 376
6 376
7 376
3 380
4 380
5 380
6 380
7 380
8 380
9 380
10 380
0 384
1 384
2 384
3 384
4 384
5 384
6 384
7 384
3 388
4 388
5 388
6 388
7 388
8 388
9 388
10 388
0 392
1 392
2 392
3 392
4 392
5 392
6 392
7 392
3 396
4 396
5 396
6 396
7 396
8 396
9 396
10 396
0 400
1 400
2 400
3 400
4 400
5 400
6 400
7 400
3 404
4 404
5 404
6 404
7 404
8 404
9 404
10 404
0 408
1 408
2 408
3 408
4 408
5 408
6 408
7 408
3 412
4 412
5 412
6 412
7 412
8 412
9 412
10 412
0 416
1 416
2 416
3 416
4 416
5 416
6 416
7 416
3 420
4 420
5 420
6 420
7 420
8 420
9 420
10 420
0 424
1 424
2 424
3 424
4 424
5 424
6 424
7 424
3 428
4 428
5 428
6 428
7 428
8 428
9 428
10 428
0 432
1 432
2 432
3 432
4 432
5 432
6 432
7 432
3 436
4 436
5 436
6 436
7 436
8 436
9 436
10 436
0 440
1 440
2 440
3 440
4 440
5 440
6 440
7 440
3 444
4 444
5 444
6 444
7 444
8 444
9 444
10 444
0 448
1 448
2 448
3 448
4 448
5 448
6 448
7 448
3 452
4 452
5 452
6 452
7 452
8 452
9 452
10 452
0 456
1 456
2 456
3 456
4 456
5 456
6 456
7 456
3 460
4 460
5 460
6 460
7 460
8 460
9 460
10 460
0 464
1 464
2 464
3 464
4 464
5 464
6 464
7 464
3 468
4 468
5 468
6 468
7 468
8 468
9 468
10 468
0 472
1 472
2 472
3 472
4 472
5 472
6 472
7 472
3 476
4 476
5 476
6 476
7 476
8 476
9 476
10 476
0 480
1 480
2 480
3 480
4 480
5 480
6 480
7 480
3 484
4 484
5 484
6 484
7 484
8 484
9 484
10 484
0 488
1 488
2 488
3 488
4 488
5 488
6 488
7 488
3 492
4 492
5 492
6 492
7 492
8 492
9 492
10 492
0 496
1 496
2 496
3 496
4 496
5 496
6 496
7 496
992 10 1000
3 5
4 5
5 5
6 5
7 5
8 5
9 5
10 5
0 10
1 10
2 10
3 10
4 10
5 10
6 10
7 10
3 15
4 15
5 15
6 15
7 15
8 15
9 15
10 15
0 20
1 20
2 20
3 20
4 20
5 20
6 20
7 20
3 25
4 25
5 25
6 25
7 25
8 25
9 25
10 25
0 30
1 30
2 30
3 30
4 30
5 30
6 30
7 30
3 35
4 35
5 35
6 35
7 35
8 35
9 35
10 35
0 40
1 40
2 40
3 40
4 40
5 40
6 40
7 40
3 45
4 45
5 45
6 45
7 45
8 45
9 45
10 45
0 50
1 50
2 50
3 50
4 50
5 50
6 50
7 50
3 55
4 55
5 55
6 55
7 55
8 55
9 55
10 55
0 60
1 60
2 60
3 60
4 60
5 60
6 60
7 60
3 65
4 65
5 65
6 65
7 65
8 65
9 65
10 65
0 70
1 70
2 70
3 70
4 70
5 70
6 70
7 70
3 75
4 75
5 75
6 75
7 75
8 75
9 75
10 75
0 80
1 80
2 80
3 80
4 80
5 80
6 80
7 80
3 85
4 85
5 85
6 85
7 85
8 85
9 85
10 85
0 90
1 90
2 90
3 90
4 90
5 90
6 90
7 90
3 95
4 95
5 95
6 95
7 95
8 95
9 95
10 95
0 100
1 100
2 100
3 100
4 100
5 100
6 100
7 100
3 105
4 105
5 105
6 105
7 105
8 105
9 105
10 105
0 110
1 110
2 110
3 110
4 110
5 110
6 110
7 110
3 115
4 115
5 115
6 115
7 115
8 115
9 115
10 115
0 120
1 120
2 120
3 120
4 120
5 120
6 120
7 120
3 125
4 125
5 125
6 125
7 125
8 125
9 125
10 125
0 130
1 130
2 130
3 130
4 130
5 130
6 130
7 130
3 135
4 135
5 135
6 135
7 135
8 135
9 135
10 135
0 140
1 140
2 140
3 140
4 140
5 140
6 140
7 140
3 145
4 145
5 145
6 145
7 145
8 145
9 145
10 145
0 150
1 150
2 150
3 150
4 150
5 150
6 150
7 150
3 155
4 155
5 155
6 155
7 155
8 155
9 155
10 155
0 160
1 160
2 160
3 160
4 160
5 160
6 160
7 160
3 165
4 165
5 165
6 165
7 165
8 165
9 165
10 165
0 170
1 170
2 170
3 170
4 170
5 170
6 170
7 170
3 175
4 175
5 175
6 175
7 175
8 175
9 175
10 175
0 180
1 180
2 180
3 180
4 180
5 180
6 180
7 180
3 185
4 185
5 185
6 185
7 185
8 185
9 185
10 185
0 190
1 190
2 190
3 190
4 190
5 190
6 190
7 190
3 195
4 195
5 195
6 195
7 195
8 195
9 195
10 195
0 200
1 200
2 200
3 200
4 200
5 200
6 200
7 200
3 205
4 205
5 205
6 205
7 205
8 205
9 205
10 205
0 210
1 210
2 210
3 210
4 210
5 210
6 210
7 210
3 215
4 215
5 215
6 215
7 215
8 215
9 215
10 215
0 220
1 220
2 220
3 220
4 220
5 220
6 220
7 220
3 225
4 225
5 225
6 225
7 225
8 225
9 225
10 225
0 230
1 230
2 230
3 230
4 230
5 230
6 230
7 230
3 235
4 235
5 235
6 235
7 235
8 235
9 235
10 235
0 240
1 240
2 240
3 240
4 240
5 240
6 240
7 240
3 245
4 245
5 245
6 245
7 245
8 245
9 245
10 245
0 250
1 250
2 250
3 250
4 250
5 250
6 250
7 250
3 255
4 255
5 255
6 255
7 255
8 255
9 255
10 255
0 260
1 260
2 260
3 260
4 260
5 260
6 260
7 260
3 265
4 265
5 265
6 265
7 265
8 265
9 265
10 265
0 270
1 270
2 270
3 270
4 270
5 270
6 270
7 270
3 275
4 275
5 275
6 275
7 275
8 275
9 275
10 275
0 280
1 280
2 280
3 280
4 280
5 280
6 280
7 280
3 285
4 285
5 285
6 285
7 285
8 285
9 285
10 285
0 290
1 290
2 290
3 290
4 290
5 290
6 290
7 290
3 295
4 295
5 295
6 295
7 295
8 295
9 295
10 295
0 300
1 300
2 300
3 300
4 300
5 300
6 300
7 300
3 305
4 305
5 305
6 305
7 305
8 305
9 305
10 305
0 310
1 310
2 310
3 310
4 310
5 310
6 310
7 310
3 315
4 315
5 315
6 315
7 315
8 315
9 315
10 315
0 320
1 320
2 320
3 320
4 320
5 320
6 320
7 320
3 325
4 325
5 325
6 325
7 325
8 325
9 325
10 325
0 330
1 330
2 330
3 330
4 330
5 330
6 330
7 330
3 335
4 335
5 335
6 335
7 335
8 335
9 335
10 335
0 340
1 340
2 340
3 340
4 340
5 340
6 340
7 340
3 345
4 345
5 345
6 345
7 345
8 345
9 345
10 345
0 350
1 350
2 350
3 350
4 350
5 350
6 350
7 350
3 355
4 355
5 355
6 355
7 355
8 355
9 355
10 355
0 360
1 360
2 360
3 360
4 360
5 360
6 360
7 360
3 365
4 365
5 365
6 365
7 365
8 365
9 365
10 365
0 370
1 370
2 370
3 370
4 370
5 370
6 370
7 370
3 375
4 375
5 375
6 375
7 375
8 375
9 375
10 375
0 380
1 380
2 380
3 380
4 380
5 380
6 380
7 380
3 385
4 385
5 385
6 385
7 385
8 385
9 385
10 385
0 390
1 390
2 390
3 390
4 390
5 390
6 390
7 390
3 395
4 395
5 395
6 395
7 395
8 395
9 395
10 395
0 400
1 400
2 400
3 400
4 400
5 400
6 400
7 400
3 405
4 405
5 405
6 405
7 405
8 405
9 405
10 405
0 410
1 410
2 410
3 410
4 410
5 410
6 410
7 410
3 415
4 415
5 415
6 415
7 415
8 415
9 415
10 415
0 420
1 420
2 420
3 420
4 420
5 420
6 420
7 420
3 425
4 425
5 425
6 425
7 425
8 425
9 425
10 425
0 430
1 430
2 430
3 430
4 430
5 430
6 430
7 430
3 435
4 435
5 435
6 435
7 435
8 435
9 435
10 435
0 440
1 440
2 440
3 440
4 440
5 440
6 440
7 440
3 445
4 445
5 445
6 445
7 445
8 445
9 445
10 445
0 450
1 450
2 450
3 450
4 450
5 450
6 450
7 450
3 455
4 455
5 455
6 455
7 455
8 455
9 455
10 455
0 460
1 460
2 460
3 460
4 460
5 460
6 460
7 460
3 465
4 465
5 465
6 465
7 465
8 465
9 465
10 465
0 470
1 470
2 470
3 470
4 470
5 470
6 470
7 470
3 475
4 475
5 475
6 475
7 475
8 475
9 475
10 475
0 480
1 480
2 480
3 480
4 480
5 480
6 480
7 480
3 485
4 485
5 485
6 485
7 485
8 485
9 485
10 485
0 490
1 490
2 490
3 490
4 490
5 490
6 490
7 490
3 495
4 495
5 495
6 495
7 495
8 495
9 495
10 495
0 500
1 500
2 500
3 500
4 500
5 500
6 500
7 500
3 505
4 505
5 505
6 505
7 505
8 505
9 505
10 505
0 510
1 510
2 510
3 510
4 510
5 510
6 510
7 510
3 515
4 515
5 515
6 515
7 515
8 515
9 515
10 515
0 520
1 520
2 520
3 520
4 520
5 520
6 520
7 520
3 525
4 525
5 525
6 525
7 525
8 525
9 525
10 525
0 530
1 530
2 530
3 530
4 530
5 530
6 530
7 530
3 535
4 535
5 535
6 535
7 535
8 535
9 535
10 535
0 540
1 540
2 540
3 540
4 540
5 540
6 540
7 540
3 545
4 545
5 545
6 545
7 545
8 545
9 545
10 545
0 550
1 550
2 550
3 550
4 550
5 550
6 550
7 550
3 555
4 555
5 555
6 555
7 555
8 555
9 555
10 555
0 560
1 560
2 560
3 560
4 560
5 560
6 560
7 560
3 565
4 565
5 565
6 565
7 565
8 565
9 565
10 565
0 570
1 570
2 570
3 570
4 570
5 570
6 570
7 570
3 575
4 575
5 575
6 575
7 575
8 575
9 575
10 575
0 580
1 580
2 580
3 580
4 580
5 580
6 580
7 580
3 585
4 585
5 585
6 585
7 585
8 585
9 585
10 585
0 590
1 590
2 590
3 590
4 590
5 590
6 590
7 590
3 595
4 595
5 595
6 595
7 595
8 595
9 595
10 595
0 600
1 600
2 600
3 600
4 600
5 600
6 600
7 600
3 605
4 605
5 605
6 605
7 605
8 605
9 605
10 605
0 610
1 610
2 610
3 610
4 610
5 610
6 610
7 610
3 615
4 615
5 615
6 615
7 615
8 615
9 615
10 615
0 620
1 620
2 620
3 620
4 620
5 620
6 620
7 620
