10
229 828 147
432 5
264 26
708 19
58 92
99 62
110 86
828 112
595 22
400 82
552 112
715 111
754 129
170 57
669 47
175 5
634 71
627 82
324 31
534 51
285 30
781 0
244 135
303 133
782 11
325 77
534 54
207 27
298 98
241 121
112 138
509 111
657 42
449 63
446 147
168 101
421 80
760 50
534 22
309 129
340 58
626 113
247 3
736 8
612 85
317 107
430 64
275 40
535 116
44 136
281 123
287 102
563 50
769 79
684 144
159 11
286 74
471 123
192 125
482 39
161 68
333 41
199 121
251 143
735 45
289 13
140 80
291 32
428 76
375 108
713 31
709 30
123 51
106 43
363 92
753 142
192 133
748 50
499 73
527 100
99 133
226 95
197 81
346 100
383 46
541 37
59 83
70 138
406 29
729 67
398 21
98 38
543 1
383 17
419 38
253 1
532 82
759 140
399 31
159 128
399 5
451 58
524 137
42 128
101 134
503 95
228 13
492 66
21 126
619 45
590 104
361 143
753 46
656 10
200 133
508 58
319 112
690 35
286 121
577 127
77 115
288 71
486 16
480 143
229 28
581 115
544 43
746 126
269 3
194 123
423 135
702 82
698 106
159 8
698 37
175 143
621 17
715 133
48 63
188 81
38 125
729 31
285 11
452 67
23 102
656 106
154 76
360 92
495 63
409 18
290 43
175 9
449 35
593 94
658 130
407 93
355 128
82 85
356 38
827 110
815 46
228 133
355 65
394 62
740 133
249 37
191 102
516 140
119 144
540 44
694 70
278 138
657 18
262 146
760 79
796 100
317 132
288 57
417 66
326 82
289 7
761 131
35 69
522 55
592 70
335 96
814 140
80 147
9 118
229 22
5 61
686 79
623 111
396 52
460 11
770 132
333 62
33 84
186 47
754 5
422 46
639 66
507 143
221 101
464 19
688 67
280 54
425 135
324 91
747 99
579 129
569 77
195 7
683 35
560 13
563 128
502 97
561 99
494 16
98 110
268 132
233 73
136 131
24 109
284 3
48 81
32 4
349 132
622 32
243 22
951 784 275
429 48
218 85
334 89
634 174
673 210
68 202
524 255
114 54
176 89
53 46
448 219
225 246
306 9
707 49
643 176
111 145
759 149
249 124
781 152
529 52
255 254
377 247
591 197
120 267
122 3
99 224
652 226
685 209
198 83
177 147
256 35
408 11
681 11
571 146
35 159
562 53
127 217
316 135
711 89
766 188
674 243
683 119
405 95
747 194
470 116
755 202
491 162
204 59
315 114
311 141
305 168
705 174
308 23
430 51
705 199
346 50
492 140
414 125
139 262
779 219
579 188
614 17
407 163
704 13
23 46
351 274
352 153
40 167
572 246
173 94
129 181
365 141
43 77
12 126
435 73
70 206
34 254
547 60
718 64
410 183
761 268
317 168
312 119
267 126
74 1
655 63
207 168
71 73
262 194
496 114
153 268
141 17
497 32
661 192
466 231
451 51
360 46
50 132
372 43
19 58
5 7
682 32
157 50
526 186
84 68
331 80
82 108
489 110
472 255
289 42
717 167
627 237
755 77
211 142
274 156
67 206
184 86
555 64
750 107
7 186
597 38
382 39
57 168
537 51
485 256
714 201
781 227
741 84
513 19
372 189
462 191
313 104
436 121
234 178
443 222
546 167
611 159
213 210
263 120
477 42
7 159
444 12
210 129
34 219
599 127
758 128
62 16
169 83
402 244
179 130
676 154
380 214
148 268
418 168
624 175
406 252
548 177
667 249
497 125
730 23
356 128
652 58
237 188
195 86
472 207
765 111
379 1
113 163
265 238
186 185
705 70
768 0
722 230
475 82
599 245
778 135
370 21
652 46
715 139
527 169
469 112
45 196
146 94
623 187
1 220
548 274
680 62
423 26
429 51
299 136
565 18
478 237
217 229
5 52
408 179
614 203
286 266
220 249
97 247
124 221
146 60
21 246
419 21
723 140
621 225
338 172
594 272
583 47
409 181
206 82
400 126
189 180
726 173
399 5
500 117
138 100
410 209
753 24
699 146
107 106
208 205
151 64
541 175
75 231
634 55
230 245
348 127
184 102
44 106
361 209
321 97
471 124
754 143
23 64
409 117
418 109
640 212
666 12
614 129
594 272
302 125
746 90
491 194
220 41
760 63
391 11
359 47
274 270
548 88
243 244
460 268
69 16
509 55
776 159
725 76
49 92
689 200
140 218
187 178
210 182
188 38
490 245
711 133
122 80
309 61
711 191
273 166
364 101
764 40
400 169
188 180
193 122
524 12
520 223
758 168
121 0
579 127
773 57
623 209
226 10
508 226
164 168
181 213
58 141
131 18
143 174
187 99
444 28
734 165
669 146
157 185
149 28
649 115
520 101
280 27
635 163
211 117
97 133
575 88
616 112
646 112
273 70
342 111
6 127
176 113
279 138
713 183
349 140
597 56
311 191
111 157
161 100
241 173
746 92
445 75
17 172
583 216
418 162
286 104
464 132
379 90
44 45
418 160
131 100
542 270
388 103
668 133
254 149
54 240
188 135
71 171
117 266
527 38
42 242
239 246
523 165
497 132
172 138
176 239
393 37
24 57
651 109
577 108
64 24
368 28
410 192
521 272
309 114
309 100
324 257
104 259
413 211
662 200
764 173
167 116
18 161
369 75
132 128
37 56
40 61
513 157
59 48
224 200
545 267
751 88
361 175
210 199
736 267
607 264
172 51
303 179
245 43
139 246
80 242
638 128
581 152
634 5
647 202
256 167
671 270
555 207
390 131
268 83
100 58
272 51
144 217
496 46
526 12
46 195
59 84
6 6
329 57
528 200
746 21
663 218
287 151
158 264
478 83
265 129
549 183
99 16
391 214
361 148
509 159
18 205
338 116
456 7
696 27
106 237
231 104
568 103
449 132
506 262
400 203
754 122
556 99
168 275
695 4
359 263
152 215
235 211
433 209
405 33
105 231
281 49
559 254
166 78
70 48
398 90
692 23
698 165
467 154
690 199
643 76
44 87
674 144
564 151
185 5
700 77
759 218
723 59
293 123
4 71
57 46
113 226
49 138
459 232
172 44
173 175
694 67
104 175
528 49
185 92
132 274
314 55
329 140
672 177
422 96
297 198
390 174
475 17
502 67
234 92
610 129
737 271
656 58
350 211
757 261
391 242
700 1
244 241
206 255
177 168
119 195
386 23
133 42
195 209
289 53
524 25
84 97
666 183
565 231
387 27
46 226
674 241
763 94
237 172
297 112
91 190
136 234
172 204
585 57
119 190
75 203
237 17
399 275
147 220
382 84
749 252
623 5
421 66
19 187
33 214
319 67
764 135
666 145
725 66
550 241
621 76
768 235
64 192
255 59
594 33
24 149
344 257
475 30
496 58
670 50
57 45
687 204
693 142
219 7
282 79
757 228
706 180
255 54
370 226
196 38
427 60
48 33
146 145
784 169
265 85
388 4
122 100
391 114
137 126
695 215
691 174
570 166
623 119
597 255
616 97
483 52
324 8
277 2
302 229
328 162
194 154
136 248
317 219
346 25
449 247
90 80
139 171
214 264
12 270
282 123
98 65
134 52
512 105
139 267
720 266
628 176
495 124
477 203
539 274
483 217
327 232
590 155
544 71
540 222
109 191
432 196
51 49
693 93
225 67
625 253
580 42
354 5
480 66
350 38
149 200
502 75
717 1
221 88
391 178
249 178
79 143
740 153
495 111
725 112
761 135
159 235
281 47
125 148
624 213
243 179
588 166
496 98
301 248
213 43
5 260
408 47
422 84
214 124
292 211
99 97
752 130
71 52
51 100
225 55
704 111
695 255
461 16
276 248
435 27
670 219
198 237
525 218
721 231
0 4
173 67
528 41
390 1
389 179
75 58
332 259
362 273
566 251
713 119
16 42
546 4
19 197
258 17
644 91
562 247
455 179
775 41
124 40
77 117
70 224
407 217
211 150
741 210
54 268
50 113
280 240
35 60
652 123
122 106
521 90
434 113
668 155
422 57
116 197
584 178
716 114
653 117
254 178
135 154
526 146
475 9
92 149
385 76
52 227
534 14
440 23
764 154
672 6
394 178
149 109
222 152
464 45
255 252
763 126
306 158
639 202
591 186
540 0
723 151
699 209
380 72
688 56
741 216
40 161
610 69
576 3
302 23
169 60
220 272
226 210
717 222
556 85
90 15
746 159
118 77
565 95
294 130
136 140
290 254
633 268
398 100
195 113
711 84
536 203
544 83
706 78
121 117
246 202
35 13
304 62
116 258
715 43
584 72
693 26
275 13
237 178
213 95
653 81
43 229
351 64
414 265
343 146
28 70
780 2
77 237
280 17
416 261
667 96
340 48
337 148
365 182
601 18
285 105
782 220
121 187
227 135
684 231
383 6
472 117
22 188
741 112
774 62
576 29
620 195
479 86
59 218
57 197
702 33
376 140
734 165
327 106
345 228
27 109
186 166
353 7
295 108
575 7
714 257
187 134
562 194
0 47
758 16
528 177
431 115
622 106
682 134
621 108
422 77
217 85
426 247
64 45
126 17
252 54
252 209
636 255
354 172
683 67
693 115
282 41
611 91
752 274
347 164
61 35
516 87
593 209
127 254
126 217
543 151
373 73
97 224
72 211
140 199
58 113
462 52
452 32
491 67
107 92
286 216
37 197
478 12
207 165
566 230
105 65
775 142
367 190
767 35
571 16
474 208
234 36
184 8
535 167
352 178
760 31
25 151
688 185
707 203
355 234
507 261
92 263
218 242
618 258
146 106
386 0
249 128
51 63
554 145
388 252
444 254
8 206
440 79
252 17
86 270
99 204
315 38
370 147
683 172
45 87
608 168
728 82
300 164
601 236
613 180
223 122
632 63
52 12
207 248
682 190
127 84
197 262
252 114
287 208
18 67
226 93
12 146
9 59
228 125
413 109
94 76
424 228
179 87
261 86
781 74
775 67
187 199
661 46
3 267
621 127
497 77
680 97
327 160
100 22
547 19
675 119
429 166
583 275
38 76
274 78
250 166
221 74
453 42
123 206
293 218
509 131
117 42
578 46
341 148
215 252
439 4
745 27
452 207
756 189
667 192
556 238
511 256
601 211
153 0
699 96
747 238
516 41
107 220
556 208
267 197
583 64
155 84
69 136
399 198
344 102
318 120
446 236
171 221
319 163
266 116
51 204
721 250
372 124
156 58
555 51
161 44
377 220
176 247
203 223
551 170
104 48
759 195
193 155
91 260
534 126
25 65
650 220
400 65
68 274
412 164
227 182
191 205
200 141
330 247
190 110
230 218
245 237
123 208
381 82
229 239
572 57
716 67
279 108
738 69
167 59
185 196
217 206
254 9 932
6 570
1 153
3 710
1 542
3 179
9 441
8 203
8 829
8 308
1 180
8 67
6 286
8 807
3 163
8 465
3 629
8 72
2 505
8 876
6 246
9 424
7 12
7 11
1 859
7 342
7 225
4 792
0 556
7 468
6 35
0 203
1 342
0 514
1 364
0 614
0 818
5 604
9 39
7 46
0 2
4 71
1 689
2 392
3 836
9 685
7 167
3 842
9 471
7 76
1 186
9 166
8 102
4 794
1 105
1 346
8 187
3 921
8 587
3 257
7 547
2 668
3 790
8 876
0 306
6 817
4 362
8 802
4 473
4 260
7 810
8 339
3 677
9 9
9 14
4 128
7 167
3 581
8 679
6 6
6 196
2 783
2 526
5 91
6 623
3 645
6 263
3 218
5 618
2 579
5 732
2 500
9 810
7 231
9 326
7 262
0 714
2 149
4 418
0 27
0 483
7 262
8 29
8 407
3 361
1 1
3 414
4 366
4 303
1 500
9 141
5 806
1 181
5 468
7 501
8 14
2 473
5 450
8 409
6 804
8 564
1 237
5 26
6 336
3 507
5 613
1 905
5 462
0 747
1 406
7 732
6 605
7 349
1 81
8 633
6 249
7 410
3 896
9 742
4 73
3 790
6 270
3 478
0 916
3 36
4 846
4 115
1 346
5 879
7 875
2 33
6 151
7 330
5 187
3 414
0 695
2 838
3 687
9 657
0 914
7 365
4 181
8 651
5 11
9 262
0 483
9 384
4 45
8 402
6 746
1 731
2 394
4 434
2 672
2 471
9 852
0 200
3 383
4 867
3 169
4 586
9 145
2 7
4 644
6 662
6 878
9 619
5 750
5 140
1 279
3 449
0 167
0 190
3 807
4 597
1 560
2 1
4 527
6 549
7 656
2 349
6 44
4 247
7 742
3 590
0 652
4 525
4 647
7 90
1 493
6 803
4 245
7 479
4 119
1 664
0 612
0 684
5 701
9 171
8 39
3 251
3 759
2 232
6 559
8 648
5 77
6 826
6 630
0 748
8 121
7 831
7 798
4 697
5 234
6 730
0 3
6 618
3 478
4 542
1 240
3 809
9 83
8 879
4 729
9 768
1 479
3 543
5 902
4 563
5 829
8 130
7 62
1 900
8 319
4 297
262 728 300
709 112
626 181
242 230
231 156
148 219
524 153
126 204
150 266
231 125
262 194
219 267
647 175
13 63
344 1
317 91
662 25
310 36
675 117
630 209
242 131
219 138
462 74
434 11
610 70
282 205
345 66
722 162
51 166
543 72
132 127
18 261
56 66
252 258
508 213
535 106
558 192
236 26
549 286
531 204
235 72
379 268
586 229
293 279
7 3
659 210
44 163
383 182
455 117
280 11
415 203
433 72
290 9
713 209
238 34
167 248
600 119
325 195
547 295
170 39
530 172
693 276
405 68
123 163
609 245
721 163
490 291
166 141
543 181
517 244
293 110
704 220
129 4
248 225
723 185
501 195
146 213
548 291
440 277
131 64
524 26
421 17
548 60
692 265
366 207
42 53
614 298
273 246
496 36
140 250
567 83
465 228
556 212
713 175
583 19
38 58
238 114
291 10
496 234
46 12
184 81
242 55
463 289
262 28
485 70
170 195
492 269
663 98
725 238
37 267
33 109
585 251
161 100
684 296
581 185
240 71
447 272
284 242
446 77
589 183
575 146
153 249
293 98
107 193
184 268
496 242
397 184
116 249
678 153
666 215
430 149
16 252
109 62
507 279
473 111
207 184
203 188
284 270
76 179
413 20
714 21
656 121
711 154
569 87
294 211
462 242
132 187
321 78
227 284
246 286
271 167
646 250
263 0
599 289
42 29
49 224
642 220
589 155
376 62
555 227
384 193
114 230
393 259
207 277
339 264
218 235
355 130
535 83
515 0
585 208
688 29
585 29
238 124
496 221
501 75
183 56
238 265
122 297
538 193
150 63
231 184
30 133
131 79
103 42
419 237
475 58
221 30
429 164
582 221
701 239
325 182
689 161
257 180
93 268
589 79
215 75
418 278
304 174
616 73
467 85
724 116
134 275
349 180
303 199
566 173
6 243
57 31
352 98
226 210
559 130
495 296
711 149
646 10
4 228
321 188
289 92
489 105
711 48
63 104
490 232
9 283
418 229
640 227
558 71
115 291
579 73
611 3
243 208
475 142
689 97
524 97
562 232
300 104
572 85
278 125
620 82
101 140
709 19
707 235
506 202
376 241
152 109
545 43
414 207
270 101
537 165
251 92
527 49
541 275
720 52
705 101
4 155
369 42
446 7
149 214
619 100
208 31
411 46
65 124
672 260
98 207
578 72
477 119
940 417 575
319 40
291 226
215 167
413 384
130 438
168 204
269 49
48 385
185 270
84 500
194 82
171 221
27 9
1 415
230 227
229 306
207 128
214 444
1 289
188 23
411 145
9 359
356 23
358 553
22 554
145 280
239 462
398 106
361 145
173 60
11 222
18 512
216 66
353 389
414 505
191 251
322 256
382 140
388 523
225 446
59 467
338 306
399 396
276 441
272 357
229 83
275 35
213 97
33 144
133 201
272 68
149 20
366 103
149 28
148 22
40 424
39 369
218 459
121 439
206 475
238 121
388 544
236 322
299 1
332 424
299 412
180 400
75 241
403 338
177 426
22 488
184 466
309 172
343 214
61 545
118 0
408 416
238 118
272 481
77 53
394 194
85 118
378 194
285 394
356 373
210 61
393 390
283 310
90 172
8 342
51 382
294 103
345 182
109 257
363 84
228 161
405 72
208 41
316 383
23 415
380 551
58 465
51 171
63 96
131 468
6 356
40 76
195 369
256 424
9 89
202 233
123 83
263 403
397 316
248 432
259 263
208 375
278 517
240 96
113 185
126 219
107 262
391 168
394 297
188 555
13 396
352 510
4 262
309 477
72 291
375 477
350 485
230 451
137 118
265 80
265 535
342 140
269 339
256 469
257 196
360 320
388 405
248 240
205 207
217 413
120 219
32 221
52 462
106 299
156 67
412 179
56 424
87 439
363 371
413 568
341 77
54 327
74 310
416 445
283 5
398 312
232 340
299 225
116 501
316 550
358 200
405 338
358 216
293 556
129 406
88 322
68 157
76 262
417 66
264 281
131 158
399 168
99 294
361 21
397 213
70 531
412 21
175 78
262 366
368 569
51 479
286 425
24 390
391 399
148 435
18 271
324 313
355 389
121 0
350 570
112 278
149 244
320 114
300 154
87 253
397 422
132 463
99 88
339 126
21 349
152 336
191 452
299 228
323 425
269 547
103 187
100 241
199 166
1 49
8 132
174 467
68 458
383 569
304 248
82 202
216 426
366 387
4 355
247 311
380 12
294 496
191 148
291 502
238 388
26 58
223 150
364 243
219 497
301 323
57 229
13 63
199 359
104 253
181 362
242 215
292 14
51 446
225 40
10 349
347 92
4 118
367 102
155 20
121 470
403 192
133 37
294 74
350 2
377 279
44 59
387 35
32 374
245 557
75 21
144 12
4 34
286 229
358 235
251 159
322 336
370 125
77 352
212 514
356 271
123 463
215 456
162 149
243 275
346 414
86 332
164 410
63 300
173 375
185 56
195 537
373 503
387 510
235 159
172 377
194 410
416 57
230 58
368 417
279 80
215 502
81 553
168 524
123 144
277 557
190 474
240 337
43 477
308 424
362 464
294 235
70 234
390 13
35 243
198 498
349 558
104 352
87 57
416 429
169 368
362 145
42 224
87 540
366 499
206 506
169 486
161 558
87 202
383 310
317 169
278 512
289 401
103 303
210 333
12 403
89 566
320 136
400 327
60 84
226 360
241 62
191 52
60 160
90 359
112 443
188 318
238 424
327 413
279 345
154 307
80 168
377 17
88 255
232 276
290 467
386 227
279 523
69 317
279 278
364 193
149 500
206 397
166 527
152 371
365 277
318 213
263 271
270 45
349 447
53 163
386 573
46 163
23 541
298 500
275 452
406 261
220 502
236 469
151 317
414 494
120 239
256 335
16 234
158 205
165 317
298 315
74 54
92 131
172 126
242 7
346 46
296 571
266 351
248 169
216 24
228 430
113 540
13 390
16 185
207 176
354 260
27 112
144 138
368 526
222 44
188 11
134 226
12 382
311 342
111 285
58 383
157 374
117 72
14 418
313 79
28 503
151 253
390 398
17 28
36 400
114 178
103 482
291 161
360 150
217 135
136 165
105 447
159 162
306 23
198 521
237 470
163 186
124 361
396 283
187 101
93 333
239 262
391 556
153 399
139 222
98 439
358 93
410 95
268 126
403 4
342 542
405 393
322 367
64 481
382 311
316 502
264 157
384 51
222 356
282 141
202 152
60 6
8 186
84 246
193 541
324 129
3 21
46 403
134 572
208 207
361 186
287 119
216 65
156 226
85 492
93 168
112 115
272 58
335 20
396 358
137 427
69 236
326 305
48 133
355 244
272 352
335 217
347 519
394 513
283 448
235 280
192 242
241 534
180 440
403 477
399 284
304 454
393 72
296 457
97 229
251 289
374 300
222 349
13 85
101 28
103 12
96 317
108 447
341 427
208 126
2 279
291 528
369 228
360 85
131 422
193 106
251 65
263 386
164 266
385 573
127 172
26 347
365 136
143 60
265 403
39 59
252 470
285 7
20 228
163 103
110 152
375 81
217 232
417 375
51 234
359 538
36 127
401 191
231 400
114 443
319 311
58 525
325 386
199 199
284 370
338 560
12 383
49 483
228 533
322 411
145 399
169 342
360 554
7 406
121 209
95 222
404 199
18 21
209 1
80 367
291 522
23 61
296 289
244 242
252 570
227 53
124 194
3 536
260 353
82 295
262 511
116 379
43 562
272 464
63 493
300 230
65 351
369 65
108 3
309 54
55 256
52 135
96 375
376 495
196 334
32 459
60 476
2 277
124 534
327 321
51 165
253 187
245 10
320 325
111 432
8 459
172 232
58 307
375 434
50 56
29 184
37 335
73 73
34 419
285 521
97 227
283 12
296 244
397 538
175 484
252 117
99 251
215 130
118 125
16 80
299 501
380 440
134 93
217 168
363 288
242 422
263 545
234 225
347 329
312 78
146 454
260 349
413 161
115 559
72 340
281 339
307 72
1 398
409 12
322 422
275 296
238 560
95 127
104 350
110 270
389 438
274 241
344 22
130 115
95 113
303 389
286 465
45 400
347 498
60 469
233 457
240 37
168 327
238 524
72 365
112 147
317 558
116 311
368 86
127 330
291 50
265 396
335 476
160 418
188 504
358 39
268 374
317 124
357 561
2 547
198 34
314 322
342 250
183 469
101 356
181 408
35 238
264 90
180 320
59 408
357 117
214 251
309 397
355 488
380 319
390 477
313 322
389 369
141 152
242 206
177 357
346 84
293 11
294 157
329 555
266 324
64 182
187 331
17 246
46 129
35 448
270 214
16 125
298 383
238 14
111 83
388 372
339 263
363 213
31 10
411 155
255 481
201 78
273 212
409 353
327 186
49 116
87 35
133 25
65 263
349 304
80 283
58 385
7 483
59 264
408 408
177 573
369 52
399 550
20 400
255 349
129 168
109 28
212 451
25 47
326 540
295 357
248 324
120 539
69 509
135 469
361 518
304 527
244 542
379 2
388 573
193 569
233 113
157 241
388 522
146 126
111 384
415 479
90 394
326 107
9 541
219 413
327 467
238 221
103 33
129 416
128 318
15 516
49 303
231 419
197 214
28 480
114 69
379 26
403 121
75 407
302 6
208 185
112 480
206 75
357 373
1 288
370 197
142 547
32 409
151 45
45 553
380 517
46 205
205 254
53 421
287 157
157 201
409 69
365 45
197 362
115 508
372 535
57 302
198 53
182 513
161 503
370 497
229 409
176 156
291 325
9 44
9 301
79 250
278 222
327 387
330 10
228 83
221 321
93 92
87 137
193 218
345 392
83 382
117 137
144 184
331 412
280 242
163 473
52 251
97 531
53 575
116 127
6 127
278 84
181 439
217 121
37 158
75 540
142 482
92 247
182 309
283 190
57 540
245 83
311 526
330 470
63 196
69 352
208 214
300 415
137 529
188 351
86 217
7 524
167 161
357 85
364 150
235 61
380 106
372 74
246 503
62 326
155 310
92 447
192 282
177 345
333 567
216 219
53 308
72 332
295 363
282 108
364 565
375 372
134 186
312 472
39 159
402 236
219 516
270 161
22 139
34 330
236 499
199 211
317 13
222 444
413 258
148 59
315 466
397 87
278 494
124 61
91 526
223 290
27 149
15 561
364 125
117 163
12 33
184 23
300 86
236 167
204 188
366 336
332 274
393 26
192 407
221 13
50 257
305 569
74 498
386 311
81 486
334 416
115 16
135 309
219 75
5 191
50 447
367 86
271 375
287 81
154 520
40 308
377 13
123 352
89 24
315 303
308 433
265 325
173 326
262 424
66 407
240 410
63 567
340 168
114 353
92 317
12 88
185 371
320 223
265 485
113 234
292 53
105 99
138 541
382 308
95 124
92 301
406 291
237 198
331 531
250 5
332 146
398 194
75 68
251 89
133 408
215 510
79 287
277 135
312 331
41 385
113 455
37 285
715 333 821
160 275
156 775
110 142
211 812
53 437
29 794
303 727
98 603
152 671
64 767
225 546
238 56
177 6
7 477
108 683
25 230
313 451
128 741
3 533
277 34
159 574
91 480
123 269
295 703
0 629
52 579
223 166
111 153
272 269
220 135
254 783
141 233
172 121
148 577
101 61
311 770
223 190
134 258
3 261
113 543
280 753
308 422
282 474
317 664
285 349
173 17
194 737
265 294
76 403
33 657
251 232
263 244
159 211
233 26
238 214
326 541
4 14
101 638
132 682
78 803
113 424
115 91
313 250
165 341
125 434
59 690
288 354
263 661
132 188
102 610
254 8
301 120
140 8
116 83
312 777
182 471
193 457
224 684
9 125
53 111
333 346
3 798
101 58
147 17
174 75
15 615
169 101
259 72
211 638
329 372
63 185
107 544
141 156
254 100
133 575
191 807
86 551
87 373
287 170
166 0
310 161
303 295
324 100
201 338
16 94
138 475
120 697
81 67
243 569
317 279
309 739
256 817
196 225
74 649
69 330
277 213
247 14
271 326
301 448
186 391
161 518
223 789
235 208
34 819
52 167
14 245
272 112
248 124
25 180
30 304
54 173
220 573
46 171
285 269
201 707
156 306
207 671
55 369
176 273
160 802
107 214
81 97
270 431
6 235
143 174
135 693
169 595
324 501
84 94
54 530
239 181
314 777
82 682
48 482
125 262
232 146
128 225
184 768
134 38
105 17
306 258
46 525
88 727
103 370
139 547
124 766
194 93
317 331
221 223
281 52
239 420
151 105
319 409
177 52
271 198
303 197
15 746
130 489
133 499
275 188
297 510
142 525
331 32
260 522
157 814
56 313
214 739
256 629
288 42
145 739
208 717
214 697
211 409
72 436
150 368
108 277
240 756
17 231
122 803
201 616
231 471
169 779
211 491
137 681
97 18
57 346
223 285
275 126
108 552
270 353
108 758
118 548
41 577
331 231
159 676
189 498
281 492
328 680
276 221
324 267
239 711
91 547
144 373
55 441
127 380
258 595
196 568
75 187
4 672
147 27
96 804
299 423
187 553
202 209
250 394
328 158
145 234
31 29
279 522
288 282
158 14
133 397
81 770
4 51
26 541
74 324
60 569
245 571
159 173
202 647
211 400
311 816
28 654
312 385
175 66
125 401
305 688
100 236
132 527
297 6
162 759
106 736
156 222
215 379
291 409
137 107
26 582
191 588
203 125
108 736
182 785
123 667
238 686
111 432
235 334
21 603
271 341
32 743
225 147
235 103
77 78
18 511
312 705
237 219
125 789
305 595
71 415
32 549
145 487
91 636
297 170
269 664
66 79
73 219
295 458
220 750
172 498
141 769
274 682
78 785
216 266
278 153
305 142
8 532
199 433
322 200
38 729
142 260
305 593
61 180
16 768
304 766
12 119
85 4
61 24
177 201
294 491
310 115
97 200
127 12
164 137
204 382
118 220
306 819
308 693
21 222
141 679
258 262
262 24
186 350
254 200
13 304
231 444
225 75
54 210
37 422
213 266
246 751
0 196
167 50
78 498
44 673
6 799
199 726
139 346
4 15
162 772
19 381
168 276
134 610
88 510
267 799
160 587
124 406
144 227
215 390
306 267
267 654
54 749
326 211
265 385
332 785
175 511
232 301
167 339
57 417
285 694
302 375
330 267
17 388
130 382
188 364
238 591
80 466
254 327
312 757
230 476
104 619
234 209
320 97
196 581
323 541
194 481
4 58
50 19
76 815
0 368
29 624
51 126
22 228
9 124
317 309
57 28
136 339
251 170
24 751
325 523
6 349
51 136
41 503
191 425
108 129
47 820
255 503
328 200
311 543
24 38
322 497
208 530
118 697
72 417
238 201
316 668
249 695
80 530
295 138
154 17
209 499
287 593
126 105
155 55
30 689
224 250
7 160
302 739
304 230
94 628
264 453
279 555
270 457
295 669
43 791
127 7
63 274
210 221
188 571
119 600
290 765
63 341
187 381
249 105
312 593
192 188
166 387
167 89
162 150
160 584
244 623
285 161
114 369
68 28
272 625
12 94
22 229
18 244
13 695
193 367
22 261
313 229
268 442
118 243
274 254
49 284
232 168
63 526
241 366
220 227
145 326
153 310
214 329
204 311
264 475
298 635
195 377
222 529
169 754
52 161
30 743
120 636
261 429
180 626
141 38
93 143
125 319
201 65
244 579
312 423
294 198
208 541
299 244
111 538
262 593
323 756
11 289
127 176
119 55
187 264
120 800
293 425
19 4
330 518
57 10
265 388
250 321
79 355
315 750
95 313
100 736
107 181
194 784
209 495
288 732
319 78
169 311
65 580
185 531
278 471
115 789
167 321
94 110
72 819
183 713
144 99
251 130
220 403
232 209
170 76
318 802
6 403
181 195
167 178
292 10
181 17
67 652
264 232
7 158
63 768
249 112
219 249
286 719
104 300
26 301
37 620
257 497
323 144
275 757
42 169
95 116
133 316
318 97
150 247
306 778
261 699
168 632
214 704
77 351
304 208
86 131
274 505
211 602
273 72
247 115
211 482
285 0
330 144
314 97
7 320
27 157
253 515
321 290
141 69
199 545
329 437
279 249
40 56
105 735
214 138
294 335
106 654
262 563
262 400
330 333
274 679
110 61
44 424
73 341
243 136
122 308
303 707
333 659
49 159
68 35
203 173
181 456
101 279
239 341
177 1
124 149
4 309
216 624
79 134
59 370
54 173
52 416
329 807
113 394
236 398
134 408
37 373
242 542
250 633
327 81
128 307
116 64
178 406
260 99
34 403
71 777
246 719
193 207
1 590
112 421
314 604
169 309
307 443
315 379
50 90
222 32
172 656
56 586
2 356
100 353
47 727
206 52
121 645
281 508
197 433
185 152
51 509
21 336
258 457
153 351
57 319
153 517
45 52
72 788
272 540
245 706
169 593
106 642
262 589
238 795
193 402
49 382
191 553
175 185
154 578
170 307
36 492
13 623
280 251
35 490
163 52
30 808
143 704
35 205
16 529
277 245
109 270
279 164
143 490
162 155
195 30
81 717
68 4
218 604
5 252
59 618
200 219
246 94
52 377
241 574
301 444
103 160
257 196
123 254
249 641
190 506
29 17
167 766
191 491
272 670
305 393
190 620
167 214
88 287
130 157
33 249
260 430
333 461
264 306
75 457
233 269
195 369
28 114
187 701
160 5
241 493
123 159
209 584
280 149
1 538
39 482
79 53
330 340
777 927 282
85 51
700 131
341 176
407 216
456 212
430 153
436 20
821 53
857 191
734 56
562 75
225 102
817 49
444 2
224 65
376 221
676 141
373 30
802 80
562 207
171 23
443 124
503 10
678 84
425 196
285 87
156 179
313 113
839 14
100 151
839 269
669 229
146 33
902 161
415 255
575 156
120 70
714 196
874 49
576 156
244 14
654 266
891 182
893 14
316 245
234 276
63 5
336 233
314 231
453 186
366 105
835 73
639 215
853 131
606 142
253 227
882 281
771 100
467 57
240 94
99 155
308 0
898 59
595 75
250 94
533 85
445 195
622 250
582 19
263 109
345 260
408 68
16 13
441 156
284 158
564 280
676 87
65 66
588 263
450 28
77 277
46 24
16 271
199 34
511 247
859 77
499 229
452 75
815 189
295 63
391 231
299 128
99 91
306 56
321 211
117 55
332 197
440 112
127 229
243 101
622 40
87 10
34 199
229 105
249 34
540 203
904 262
76 176
724 243
59 176
436 192
35 251
788 185
413 200
635 261
146 75
350 72
43 5
293 171
529 252
93 154
479 222
725 96
144 237
234 223
862 260
124 111
31 148
669 185
419 178
620 242
2 181
320 56
651 177
542 47
676 183
138 70
704 85
782 113
457 256
796 45
279 94
585 54
424 203
274 25
927 119
2 227
233 48
271 113
455 136
656 247
745 237
430 34
27 76
891 236
822 233
172 157
272 188
4 4
156 168
836 82
469 46
381 214
680 218
178 195
58 79
635 266
221 227
846 105
167 39
29 227
160 90
682 192
255 188
649 137
261 259
87 270
692 279
24 150
641 120
876 161
780 130
95 266
242 36
546 252
118 55
694 223
297 47
455 174
431 79
260 60
734 123
14 112
112 123
462 84
688 233
749 192
515 140
838 154
154 172
462 2
552 227
71 123
196 108
698 260
927 201
615 118
826 117
47 69
891 243
284 108
217 149
712 148
246 101
785 92
599 175
192 93
67 195
593 143
311 106
411 207
138 191
564 257
24 23
495 174
193 72
159 51
181 51
662 136
85 93
347 18
582 40
429 137
100 202
433 255
202 277
17 84
238 130
824 119
489 260
698 12
244 169
837 20
320 138
373 247
611 102
610 250
332 93
211 252
654 261
363 72
784 29
492 190
482 247
805 30
76 38
246 23
24 140
266 177
22 201
269 260
655 282
195 38
511 83
12 138
570 265
389 191
53 274
40 170
790 125
803 213
716 277
483 278
500 281
604 162
684 189
228 252
570 243
695 30
125 48
615 262
380 129
641 199
254 268
264 110
823 37
278 24
484 277
648 198
806 67
579 99
14 93
494 194
750 109
738 129
265 144
162 220
725 153
374 269
780 256
615 282
74 12
583 75
247 202
839 190
371 101
208 151
113 233
266 280
260 162
106 125
21 109
467 172
591 232
542 276
776 130
639 91
420 174
706 181
341 189
313 113
404 95
619 77
520 201
677 13
482 234
826 137
796 77
770 198
726 60
423 107
839 217
18 82
877 114
518 77
413 69
300 186
650 79
855 117
172 247
543 111
907 145
678 134
550 150
531 281
425 274
443 150
385 178
187 192
257 88
146 188
834 84
304 229
885 105
318 35
355 69
304 143
822 271
182 186
318 77
313 99
36 7
376 152
514 232
276 70
566 80
34 102
388 100
548 44
794 269
923 25
320 102
781 145
801 195
179 261
269 234
7 217
544 77
470 177
244 181
198 96
689 256
802 143
795 121
719 187
808 17
404 38
309 5
159 242
740 266
598 190
350 48
834 208
509 244
321 26
420 101
155 120
47 195
555 56
899 201
321 16
357 205
724 88
278 271
145 2
517 18
620 221
645 67
130 67
199 0
500 45
266 216
97 208
205 179
676 37
295 99
252 224
90 266
616 264
228 109
907 259
801 52
205 70
421 219
264 181
306 231
312 37
716 142
406 44
582 102
393 44
448 10
122 131
919 172
651 155
92 255
485 2
525 46
3 51
322 84
863 77
328 51
721 231
401 110
333 265
578 231
229 40
668 170
156 142
610 159
399 217
733 21
187 63
871 166
93 208
905 222
415 158
724 274
869 217
408 256
477 190
521 101
604 71
578 276
441 207
864 104
482 192
316 110
744 68
379 121
46 118
161 278
182 84
893 258
380 121
846 250
879 29
860 8
220 91
388 189
66 188
93 189
737 11
513 103
894 167
686 230
768 35
697 154
102 244
594 170
556 237
635 269
471 239
135 116
149 155
425 95
591 191
59 190
224 175
250 31
280 268
650 95
152 203
591 172
602 254
32 123
289 230
737 66
531 104
524 267
915 81
416 69
59 239
51 225
792 146
698 224
533 235
490 185
136 160
236 70
859 42
264 57
457 178
277 208
242 182
261 167
118 147
104 2
674 88
685 267
904 76
907 116
397 119
492 216
847 0
568 4
517 230
294 189
202 60
331 33
668 57
195 255
566 153
484 57
679 77
147 226
217 0
461 56
820 110
444 275
274 27
813 153
212 215
134 8
271 208
380 268
129 116
318 220
394 91
528 261
339 69
321 39
98 264
467 223
104 118
25 203
291 244
465 28
537 166
439 202
136 235
340 232
914 179
482 212
532 38
750 30
54 271
20 211
221 73
142 219
695 116
223 87
525 246
83 128
584 26
463 254
157 111
507 79
757 247
747 27
591 74
752 143
232 160
93 190
781 97
523 16
850 16
127 165
732 93
806 16
476 217
629 130
664 190
72 85
717 93
150 190
205 44
98 263
267 280
636 29
651 46
189 58
274 149
317 74
47 109
691 270
56 78
453 121
825 202
285 173
865 193
67 213
154 6
101 34
806 238
766 130
264 268
399 97
791 162
617 127
208 137
658 223
293 108
281 235
228 143
100 198
746 239
757 41
782 196
618 123
187 15
485 185
707 67
62 167
194 46
705 250
804 2
891 149
138 127
583 12
556 135
52 73
372 213
347 211
259 224
406 152
717 54
194 114
144 87
586 225
456 168
37 67
318 133
22 155
917 68
343 280
810 253
216 169
725 219
0 27
120 181
727 116
369 143
853 232
697 261
372 239
619 275
79 67
154 114
914 136
3 266
913 135
244 238
363 137
60 151
322 51
769 253
313 160
562 22
469 60
493 191
781 180
67 197
418 60
258 63
588 244
253 80
595 157
774 151
763 84
618 210
310 102
726 52
190 10
381 121
915 233
317 120
131 247
445 253
829 96
697 253
485 237
135 30
744 244
406 282
336 234
256 56
780 264
790 191
862 183
222 94
190 93
210 139
219 282
615 239
655 176
609 28
631 135
812 275
246 273
546 18
387 75
748 153
376 183
730 205
150 250
456 92
83 139
182 117
842 249
646 109
479 157
302 147
592 229
854 140
478 6
12 35
91 232
625 13
667 251
74 250
899 144
453 153
716 41
580 14
26 93
497 24
849 168
911 10
282 61
647 208
126 25
218 183
716 25
908 141
566 40
568 86
104 200
815 60
25 259
44 281
765 105
780 194
860 227
496 263
193 230
495 106
716 650 177
87 140
113 140
261 173
297 115
230 15
252 17
398 133
578 98
146 80
477 107
212 31
60 67
493 140
288 62
89 68
9 86
594 127
540 149
518 176
571 77
170 103
328 117
71 15
61 35
62 4
572 15
504 77
475 82
482 82
320 45
645 72
91 47
448 46
142 167
165 150
406 81
230 26
248 156
336 57
515 136
195 0
17 141
416 78
391 140
602 33
163 177
388 161
534 150
233 87
496 97
83 49
78 157
332 42
611 138
633 171
415 49
259 91
222 94
272 102
267 18
23 85
167 64
30 108
592 143
72 19
8 99
35 106
464 9
410 57
384 135
245 87
566 89
576 42
524 58
97 83
417 124
564 138
529 103
633 90
206 108
254 174
205 65
298 151
1 116
440 87
446 125
529 103
536 41
494 63
648 155
543 20
59 3
346 0
400 93
404 19
379 88
166 74
293 118
600 72
518 122
27 174
422 0
19 150
354 110
62 163
450 26
113 56
412 52
442 157
133 13
113 169
201 14
444 100
92 157
135 54
130 176
271 59
62 172
206 84
149 66
115 37
221 119
455 165
35 15
140 161
440 143
28 175
533 85
480 133
210 113
583 32
121 83
239 155
491 144
599 4
60 153
586 169
291 0
260 131
635 145
491 89
1 112
410 134
336 27
505 105
199 144
234 118
640 94
501 148
265 1
468 137
512 60
606 136
139 150
472 121
614 70
545 95
176 162
496 45
541 163
404 17
136 154
408 22
459 97
602 175
57 168
399 118
167 128
64 133
568 32
427 63
196 152
493 129
623 75
230 13
34 169
601 56
620 33
292 105
616 94
499 73
7 81
586 156
598 134
477 132
535 54
393 134
573 63
449 31
570 104
406 44
8 142
121 129
61 23
401 149
1 159
43 45
496 124
179 93
628 158
306 112
256 131
588 107
280 154
71 0
412 72
150 41
178 166
396 55
30 49
259 151
394 115
36 136
280 65
28 163
218 144
112 101
378 9
0 136
434 58
204 109
544 24
614 10
620 166
304 69
503 135
26 112
213 83
482 177
273 166
93 37
193 125
313 96
255 36
577 164
380 35
232 68
479 91
338 116
552 9
445 160
552 72
649 83
530 31
606 148
338 111
640 174
252 168
451 37
611 168
542 142
502 142
607 129
316 176
126 0
283 97
617 18
389 143
298 12
442 27
417 59
298 168
10 41
56 169
403 29
182 102
351 51
415 70
362 143
600 114
293 98
408 170
414 68
221 61
410 153
310 85
141 71
582 112
505 77
607 34
0 129
548 144
170 69
7 49
389 126
368 22
185 62
287 28
269 149
5 77
520 22
204 3
268 103
159 49
120 62
375 153
254 86
473 61
583 21
303 13
432 140
348 60
144 94
564 177
491 22
441 34
229 104
368 3
129 152
619 75
640 157
368 72
614 13
12 66
15 110
214 26
333 158
413 96
545 40
238 162
239 37
92 150
20 77
314 36
332 27
395 131
624 6
563 139
299 25
480 76
238 128
107 29
603 54
396 27
192 87
229 23
10 73
249 154
126 149
176 67
193 147
126 72
28 68
98 17
612 60
638 73
619 40
118 162
613 95
416 56
497 66
583 173
313 97
534 133
94 7
242 112
626 43
449 151
405 39
327 71
472 107
564 153
404 114
360 108
545 171
518 57
118 110
244 43
630 47
218 142
180 21
356 52
177 104
154 41
46 38
296 108
142 124
305 159
240 87
260 91
137 120
521 5
575 67
36 147
237 69
624 34
63 32
568 176
480 156
169 124
553 18
392 6
23 4
588 46
59 98
393 15
319 152
450 136
376 91
145 0
86 62
376 94
443 143
387 75
364 20
144 159
369 121
307 25
580 18
1 83
438 53
181 23
6 163
346 112
465 132
339 103
605 169
48 132
357 0
15 121
337 74
334 59
42 156
445 8
231 21
607 135
186 56
121 145
118 163
571 162
305 58
482 155
322 152
1 49
310 161
96 173
171 161
51 118
418 26
183 157
287 84
13 144
277 118
13 26
597 57
324 86
193 120
506 9
30 16
542 69
520 117
336 101
414 6
252 61
228 13
178 79
572 0
336 82
321 23
593 87
283 140
514 18
418 80
339 21
221 131
134 118
213 42
127 15
202 106
156 80
159 161
293 82
521 71
279 123
328 116
454 19
484 49
435 6
31 109
42 48
349 162
339 177
645 74
540 75
190 112
625 143
376 25
430 123
244 56
434 35
276 123
529 96
551 114
354 124
433 173
182 130
571 49
44 50
333 165
108 126
625 146
220 61
346 161
595 113
54 98
507 57
609 47
435 60
45 143
439 72
530 67
608 162
488 175
364 62
581 3
42 128
552 145
253 9
260 40
184 35
571 137
642 26
425 133
386 55
560 159
293 80
139 152
239 9
248 120
145 0
422 147
80 139
448 139
569 110
527 115
369 162
142 81
324 146
133 163
382 156
230 150
479 59
273 145
344 140
16 6
46 33
22 112
108 91
457 164
523 119
127 12
128 63
599 2
181 173
508 76
119 154
586 31
453 17
11 126
77 108
632 7
465 109
245 1
471 59
597 89
383 155
582 170
339 60
309 94
607 4
429 72
250 41
18 38
571 146
195 104
58 141
117 61
175 75
443 138
412 93
336 23
461 38
1 111
142 32
18 19
473 41
171 39
159 39
121 8
220 86
70 105
489 90
148 144
546 72
7 166
327 42
448 80
607 49
286 23
105 84
195 140
96 0
647 52
553 123
330 90
430 17
396 81
584 27
281 139
480 17
136 130
628 161
292 162
381 89
31 158
229 115
412 143
587 10
577 20
522 100
607 165
3 149
568 90
241 159
416 163
485 24
225 124
483 14
392 84
443 3
46 121
646 50
343 100
212 126
419 39
523 75
384 9
75 139
462 111
496 151
383 163
126 57
140 27
470 84
169 19
301 41
278 29
18 93
225 18
236 94
313 89
365 106
634 105
345 20
101 31
20 157
519 13
435 171
102 152
536 173
511 165
484 0
480 149
107 12
80 135
44 69
450 142
438 167
192 86
226 152
321 47
123 1
392 34
193 144
159 93
112 23
263 41
158 141
443 140
143 46
604 104
266 10
593 135
184 160
182 75
427 6
2 109
37 48
454 1
235 151
304 41
631 19
288 65
7 139
399 158
602 168
334 145
101 175
265 45
408 169
40 135
297 109
79 26
435 76
560 60
494 165
363 90
128 28
608 12
78 26
281 18
54 99
241 40
240 133
438 97
302 71
27 216 147
39 89
87 16
187 142
196 141
32 120
92 91
192 62
107 102
73 25
164 66
159 27
59 44
104 81
95 112
14 105
13 135
100 100
189 82
201 46
32 82
185 26
46 118
133 136
52 37
70 16
23 82
100 31
227 491 945
224 12
239 905
109 451
419 763
247 731
224 553
252 410
299 494
247 684
279 277
411 154
180 93
336 554
367 347
404 580
276 48
288 671
441 677
102 214
99 161
381 457
162 178
85 688
264 72
92 383
408 417
228 482
114 864
291 98
211 533
356 75
260 472
431 57
470 657
6 167
151 5
240 55
449 279
203 324
5 371
113 435
146 33
350 501
333 477
91 631
192 745
460 114
439 241
90 209
201 858
334 920
323 734
13 101
327 241
343 153
352 866
94 603
226 294
108 585
353 491
452 304
74 711
426 29
88 58
359 107
40 83
481 568
284 791
485 619
140 562
292 846
300 149
339 170
99 661
354 417
154 494
427 230
3 607
170 414
226 913
221 104
238 603
470 602
134 129
482 2
307 782
114 908
429 140
402 577
409 90
250 742
419 237
140 312
386 700
354 298
267 302
307 452
215 129
456 821
257 118
51 684
489 193
28 354
47 513
303 869
123 447
369 922
166 159
233 317
248 749
101 49
99 752
449 478
122 78
91 875
128 644
291 565
228 48
472 639
99 373
160 632
265 695
113 27
467 632
332 917
361 14
86 9
270 936
203 436
298 309
39 678
437 447
60 313
491 686
369 524
243 303
160 402
487 553
288 110
459 508
445 143
402 515
218 757
3 107
413 41
144 81
156 158
132 486
183 757
96 212
69 73
430 545
196 37
423 640
235 806
452 642
147 193
147 569
384 185
135 931
372 561
106 148
289 328
92 659
209 860
373 474
448 175
428 198
164 641
476 773
97 774
15 239
147 149
370 25
234 7
185 28
213 757
483 756
370 545
403 13
272 395
286 448
24 710
300 251
421 272
16 640
68 16
31 802
115 890
95 913
335 306
383 254
0 586
67 672
458 268
377 380
183 641
306 702
233 262
317 278
238 499
441 102
205 320
362 148
302 254
177 896
166 791
42 146
363 683
456 351
420 26
487 403
353 347
159 541
335 846
177 345
158 526
228 649
27 140
192 579
396 647
235 689
278 202
489 392
227 176
399 625
144 943
