10
579 503 470
208 398
495 47
349 220
237 310
470 113
226 253
126 48
503 325
371 5
322 448
200 190
352 340
470 134
199 73
44 273
298 373
284 208
142 318
456 390
191 191
23 384
455 270
451 161
425 119
349 426
324 204
212 98
318 52
143 217
240 443
355 34
312 94
324 45
137 75
75 320
67 467
490 462
120 416
344 267
124 318
28 35
107 117
237 347
419 242
438 296
439 459
189 435
169 448
447 370
158 319
251 195
492 204
243 457
170 213
397 89
16 350
487 333
34 133
420 42
472 53
104 340
389 72
400 469
47 188
481 449
105 339
174 351
465 109
450 221
244 341
170 257
9 310
256 439
246 79
496 444
399 223
367 48
5 146
459 95
478 166
1 245
160 121
44 106
336 213
124 427
78 388
209 180
321 84
130 295
5 33
22 46
466 110
305 426
20 362
396 340
192 470
321 91
317 115
345 101
100 275
98 412
261 22
265 169
140 144
389 19
261 262
294 433
297 381
63 379
356 190
56 205
96 363
141 60
112 244
435 335
325 95
263 461
208 273
408 444
164 27
365 470
73 279
17 66
124 101
433 336
283 222
269 230
363 463
33 467
138 453
56 34
369 13
289 415
215 58
421 454
358 130
173 250
310 166
43 2
142 165
283 183
333 34
44 377
203 233
284 137
417 109
172 388
27 416
227 34
22 124
366 310
171 221
53 193
97 280
284 279
316 160
408 236
359 405
458 221
402 266
272 133
451 280
470 123
402 258
466 104
82 49
174 166
236 378
103 408
67 181
445 36
194 208
144 64
170 40
484 60
210 269
257 431
66 464
380 178
161 240
261 38
39 100
241 311
278 314
104 415
475 465
344 240
267 3
87 95
460 215
378 224
64 98
67 91
99 143
343 218
158 302
248 77
152 211
344 160
202 41
144 300
366 306
211 334
345 470
439 227
110 335
83 103
317 40
49 276
343 215
420 441
364 30
67 324
151 186
443 45
228 465
271 13
187 165
92 360
21 181
74 254
85 318
178 355
53 428
58 291
491 404
393 93
11 59
364 79
240 307
260 223
2 345
431 351
382 459
90 425
167 232
407 436
67 316
398 312
52 355
12 195
175 268
391 127
106 111
93 449
170 207
54 469
124 313
233 217
122 340
279 220
233 129
414 55
8 381
292 123
381 374
100 305
325 12
486 374
358 43
17 291
172 304
68 207
302 388
44 197
369 470
81 233
249 7
142 324
44 405
190 59
482 171
221 355
397 200
103 56
151 236
275 369
441 386
364 90
12 279
407 311
99 108
352 157
224 112
478 380
169 333
437 355
70 82
324 437
357 122
86 401
292 244
72 302
448 280
212 213
213 83
83 117
348 126
29 308
298 160
208 160
416 60
360 277
295 33
450 299
351 141
273 264
266 405
113 295
149 17
40 399
185 90
43 167
430 195
473 205
452 442
437 128
190 284
220 48
345 52
250 97
71 328
76 204
236 457
293 101
388 286
492 324
200 422
99 217
351 246
95 127
494 191
33 124
65 64
410 417
291 271
347 406
423 280
317 140
485 388
284 19
183 21
311 329
47 240
381 340
222 373
443 108
249 126
137 319
473 281
341 402
447 184
367 84
480 226
393 135
30 90
71 96
190 374
92 430
32 376
380 33
191 295
211 246
35 250
499 361
135 110
137 141
393 34
316 163
429 74
447 279
122 204
169 151
140 205
294 125
479 285
42 388
234 50
479 281
345 133
274 360
51 465
430 413
283 5
430 164
319 29
36 119
131 224
498 340
210 381
187 69
203 374
352 56
355 25
202 254
418 384
45 152
127 395
26 157
214 421
363 355
198 294
88 213
476 148
473 352
243 298
241 351
387 282
251 29
33 148
179 217
170 177
288 315
197 339
76 376
140 198
57 18
79 13
412 290
100 64
483 317
411 121
29 313
53 133
276 461
477 30
33 218
177 452
313 308
381 285
25 234
69 224
99 380
228 359
73 149
262 245
415 64
144 67
335 173
468 248
156 232
435 246
81 360
255 263
354 297
24 161
397 436
335 188
114 372
377 419
132 249
487 392
304 434
232 219
69 64
114 51
134 25
286 151
26 275
354 333
42 367
129 383
216 33
305 82
267 397
134 331
313 445
187 17
493 117
120 296
487 328
155 353
152 394
78 143
351 322
432 50
427 124
74 427
265 283
341 437
53 290
172 259
337 426
223 203
18 262
128 128
449 125
367 348
468 389
21 122
494 121
454 210
126 9
52 152
275 79
163 376
485 416
62 39
438 315
12 318
500 20
330 446
295 332
287 193
383 218
447 367
1 362
158 334
165 22
390 413
347 134
264 346
257 357
14 201
355 377
16 403
166 370
37 71
412 231
89 358
1 330
32 68
174 235
130 468
144 293
276 233
442 133
188 257
483 244
260 317
101 381
430 423
495 33
97 388
31 39
62 464
466 404
411 466
28 215
348 175
301 154
31 340
276 142
180 403
166 459
334 288
84 375
406 400
471 14
350 76
57 467
407 173
122 353
28 193
95 382
66 9
240 56
380 103
61 350
140 335
368 160
366 112
478 143
272 347
268 234
316 432
147 244
218 381
277 52
164 444
367 222
136 250
201 82
492 226
445 139
490 175
347 118
131 239
493 203
248 347 27
319 20
282 18
334 24
63 4
76 7
39 11
220 11
280 13
135 27
118 0
233 24
136 25
227 22
159 23
33 5
321 25
317 27
311 23
191 15
303 12
134 3
339 22
170 12
99 13
243 18
130 20
182 10
337 14
212 16
301 1
165 14
242 2
174 10
81 21
225 5
269 15
16 1
18 22
177 1
143 20
319 5
192 2
167 9
200 15
322 21
269 15
71 23
266 21
13 11
255 26
12 20
242 8
81 8
206 14
13 6
322 25
259 14
123 23
324 27
102 6
112 23
81 27
171 23
73 8
323 20
59 19
148 5
8 14
189 26
124 18
200 19
171 0
241 14
175 25
261 1
159 5
285 21
201 0
224 22
268 19
246 11
171 6
256 19
260 25
29 21
292 18
120 15
334 13
54 9
231 27
82 10
333 19
267 22
111 4
104 24
327 26
343 2
40 8
305 9
1 7
330 5
217 10
45 27
107 7
16 18
50 18
9 23
110 16
205 13
64 1
237 0
303 17
170 16
129 20
289 26
115 11
52 24
1 9
187 0
180 15
83 6
285 16
250 27
12 15
253 9
61 18
105 12
11 7
4 0
55 9
263 26
200 15
146 9
56 13
302 20
172 9
102 18
113 24
149 25
104 10
202 25
181 11
173 20
227 6
333 18
115 4
97 4
199 19
161 23
213 19
127 17
144 9
139 21
226 21
27 14
319 9
131 16
173 16
345 24
134 14
318 22
206 27
210 17
303 7
296 8
139 11
189 11
280 17
169 22
246 8
124 9
61 3
22 22
212 19
278 26
325 17
240 19
308 2
224 3
118 16
59 21
223 21
176 15
222 5
306 16
185 18
329 27
330 7
125 26
6 8
176 15
289 1
158 21
163 22
149 9
190 20
182 21
101 15
213 19
340 3
79 2
245 5
69 11
56 18
65 23
234 2
30 19
303 25
69 14
207 22
44 2
70 22
107 12
221 0
131 14
135 23
36 21
264 13
252 24
291 10
19 26
204 26
5 23
231 2
261 26
284 17
124 23
168 20
163 21
196 6
247 20
149 19
17 25
32 1
30 4
231 9
154 19
99 3
230 14
218 8
57 14
93 25
145 9
57 24
295 6
247 6
238 16
122 23
503 399 17
12 16
384 11
316 9
93 14
246 11
110 16
156 12
399 14
98 3
271 0
148 17
173 16
31 0
68 12
300 15
279 2
97 5
133 4
162 0
298 0
78 14
50 12
180 12
288 6
383 4
37 11
137 0
273 13
360 14
383 0
65 16
76 2
29 12
128 0
388 4
104 4
338 15
205 7
157 3
349 2
205 0
175 5
149 2
16 13
294 5
274 7
166 14
74 7
112 14
339 17
133 4
23 15
151 16
142 6
274 14
0 3
382 1
326 11
127 6
193 0
246 3
285 14
369 13
111 2
114 5
87 7
399 2
270 6
291 7
10 17
9 16
196 15
89 9
75 2
369 14
142 7
287 6
83 10
387 1
242 7
150 11
252 13
344 17
251 11
40 7
0 5
175 10
344 4
175 7
32 15
239 5
264 14
155 2
239 10
47 17
148 7
315 10
250 3
75 17
94 11
266 4
68 9
146 15
257 12
384 15
19 2
16 7
254 9
135 1
266 10
127 16
283 8
14 17
253 16
186 5
157 0
297 4
93 1
191 2
317 17
192 0
303 16
124 16
332 15
155 6
346 16
164 5
228 10
363 15
220 17
284 12
154 7
156 7
177 13
150 0
26 6
383 12
54 5
392 8
318 9
136 6
334 14
94 12
31 15
148 11
62 8
181 12
214 1
16 5
140 10
37 7
12 2
1 16
79 9
5 6
92 1
262 4
394 4
189 1
269 5
228 12
321 16
100 9
251 4
30 8
186 16
63 10
40 12
169 4
57 14
70 1
219 0
128 9
193 3
190 2
158 1
298 1
381 17
167 10
67 5
128 16
217 13
308 0
255 15
330 10
155 10
14 5
284 14
188 15
11 3
44 3
350 8
200 1
293 13
115 9
117 12
71 0
35 11
144 13
9 0
155 16
74 13
139 3
215 16
388 4
211 14
347 3
327 8
44 10
67 13
37 0
307 2
71 13
40 15
138 3
290 11
165 6
367 1
275 12
137 8
361 16
248 2
13 5
8 3
252 10
120 11
212 4
302 7
323 10
51 3
343 17
306 8
209 15
317 15
8 6
301 5
306 3
229 3
229 16
280 5
266 3
322 12
333 10
314 0
118 3
221 11
162 11
74 5
305 11
8 17
350 1
186 2
363 11
80 14
205 8
225 11
217 13
54 14
276 6
310 6
189 11
312 7
163 0
322 14
329 11
285 5
144 15
88 17
38 10
251 12
32 8
171 10
80 9
352 6
97 15
206 2
298 8
237 13
56 2
81 14
347 0
169 3
389 7
103 2
329 10
176 0
335 15
164 1
173 12
275 0
283 17
109 16
152 10
243 12
362 17
146 1
195 10
305 11
77 6
213 15
314 5
321 15
288 3
168 7
153 3
236 3
77 9
219 9
147 10
389 8
291 10
323 5
4 14
224 15
188 9
40 15
330 5
256 16
46 9
232 2
372 12
141 13
317 4
182 0
326 4
78 2
260 0
209 10
182 5
249 11
374 16
378 8
251 2
74 10
163 8
354 4
278 13
137 3
7 2
164 9
44 10
55 16
196 16
72 3
249 11
254 13
163 2
79 9
370 6
217 12
364 11
270 13
218 13
342 1
231 0
158 17
253 2
131 1
30 17
284 16
29 14
7 16
274 11
159 1
193 6
331 7
51 7
304 1
112 1
94 14
257 11
123 8
371 5
64 7
362 12
185 13
39 15
184 5
232 17
62 1
224 15
86 3
146 11
97 5
190 5
107 9
348 12
110 7
389 8
225 2
26 0
295 9
155 7
283 1
327 17
316 11
291 9
378 17
394 15
200 10
219 1
183 15
42 17
39 9
371 16
383 8
226 7
15 10
310 8
321 17
196 10
340 3
193 1
76 17
346 1
275 15
88 8
237 12
208 14
114 11
92 13
81 6
280 13
252 11
299 4
332 11
316 17
134 11
144 11
200 14
344 15
160 10
37 5
67 9
225 7
329 7
182 2
139 1
59 8
158 1
70 2
6 4
363 3
47 17
208 3
102 2
274 6
88 3
211 15
61 8
240 14
257 5
352 8
390 12
340 16
275 6
190 1
396 0
278 5
117 14
242 11
142 4
385 9
332 6
290 1
136 9
287 9
58 11
294 0
107 12
148 14
197 14
216 9
396 0
189 12
133 17
285 9
52 1
58 10
19 3
281 2
32 6
53 4
311 9
138 3
134 0
353 1
128 11
76 9
216 1
143 5
201 2
128 3
251 11
141 9
88 6
283 4
142 0
210 9
236 12
376 10
138 8
253 4
652 882 696
24 500
587 358
66 44
370 383
305 384
386 562
598 430
258 633
15 160
832 211
227 279
455 432
443 361
122 319
750 458
631 160
749 592
177 612
580 463
53 508
713 560
867 459
501 98
79 582
173 410
7 220
462 626
309 148
103 304
700 336
553 331
470 3
783 156
77 166
645 590
484 608
295 188
629 585
436 442
763 382
187 567
734 148
682 233
397 624
591 440
481 441
662 436
407 301
166 38
769 353
615 120
130 223
288 310
275 271
35 419
451 49
651 397
598 462
463 331
78 309
52 330
767 684
77 173
119 662
500 431
781 678
100 420
594 536
237 153
839 624
749 601
829 3
435 173
418 73
381 694
246 255
505 111
873 234
146 207
551 171
723 355
604 169
810 32
662 112
26 118
771 434
751 550
468 162
378 44
377 206
832 131
643 44
203 381
487 202
467 316
113 206
55 364
581 53
758 222
755 258
704 577
402 40
477 271
50 294
599 649
790 568
501 639
178 164
300 32
171 587
546 578
525 162
452 149
308 319
308 57
836 388
274 249
151 44
69 307
782 511
355 515
392 180
356 671
403 618
78 549
599 31
34 282
675 352
464 247
538 478
340 228
627 614
573 274
208 138
705 673
485 678
522 11
484 90
291 344
710 364
637 196
719 303
667 589
0 50
62 306
471 119
756 537
134 152
443 533
538 534
783 453
501 142
468 353
752 125
440 81
246 570
731 27
591 594
43 670
214 432
856 315
508 489
350 426
17 107
160 607
509 448
420 136
816 666
563 660
490 328
715 260
40 696
268 216
195 45
673 379
143 144
819 7
492 525
744 415
805 373
789 253
414 365
284 553
58 555
483 104
693 399
735 64
878 652
540 133
157 146
50 153
94 24
677 65
881 433
821 323
9 644
77 71
504 480
221 322
659 444
561 39
745 95
653 383
258 60
382 424
366 7
441 336
752 576
496 419
223 23
396 97
4 136
106 656
10 631
521 631
482 12
589 201
612 450
811 692
120 79
128 20
467 673
671 491
805 596
813 541
169 631
436 428
250 645
132 364
320 670
654 634
852 645
264 627
446 398
18 211
835 21
778 240
717 264
482 387
301 620
235 621
463 11
94 139
56 43
423 53
604 478
21 536
281 664
604 500
536 68
743 519
770 619
25 86
655 469
85 26
369 543
877 461
443 141
721 27
40 83
326 574
182 607
60 663
82 556
32 81
130 318
832 16
256 339
346 639
815 251
434 180
810 454
584 327
851 383
595 82
410 274
103 6
718 211
780 596
279 276
869 532
429 258
151 349
517 164
163 12
378 98
201 351
477 672
676 450
50 174
178 338
759 168
777 632
171 154
237 125
328 351
584 539
158 184
618 347
74 321
575 601
830 229
483 112
403 75
594 77
723 608
364 536
779 63
36 134
658 679
242 324
829 592
312 83
403 33
230 265
554 467
380 449
698 263
650 41
315 637
397 264
584 372
481 628
471 250
881 328
516 163
75 404
517 494
292 511
160 595
848 558
169 88
58 202
383 386
810 366
520 38
855 179
537 409
426 683
695 549
371 33
390 643
241 448
284 602
394 644
780 180
1 541
154 493
658 296
217 662
79 347
635 271
683 251
837 151
139 642
101 390
428 230
408 93
848 614
44 617
862 174
719 47
615 45
647 275
862 236
425 679
444 617
717 89
800 236
529 247
162 617
18 533
847 114
376 667
568 462
290 269
86 525
252 168
450 370
541 52
331 522
212 332
870 125
469 451
717 500
294 381
472 638
587 246
188 682
91 460
226 641
146 63
841 25
464 181
140 513
288 305
815 641
88 618
547 200
156 269
124 212
711 99
488 544
757 47
830 400
276 117
680 215
819 652
821 250
497 474
857 47
275 242
127 558
158 596
372 373
231 599
215 495
817 577
808 22
831 12
107 110
379 605
646 683
876 404
166 535
114 302
450 101
379 412
203 545
702 558
302 156
796 483
718 137
671 670
872 663
241 420
568 489
334 240
660 30
92 550
876 663
417 127
45 376
139 565
176 526
549 122
342 28
446 314
368 110
820 1
304 111
787 526
523 588
654 55
16 389
578 325
402 598
454 99
26 132
422 340
609 69
406 320
609 47
245 636
812 63
177 446
694 200
555 451
378 345
86 548
523 252
129 69
776 304
491 269
351 670
456 74
451 585
146 513
282 170
881 305
633 68
777 83
590 329
504 199
501 19
204 388
96 438
185 263
92 463
243 158
156 120
247 154
128 302
510 317
843 98
346 381
409 514
763 274
415 675
534 659
700 37
783 642
522 645
511 197
211 254
509 523
20 263
700 59
599 324
559 17
836 140
878 428
596 539
811 104
868 316
770 192
650 93
323 505
481 557
355 664
156 198
785 327
462 310
51 5
46 438
463 198
83 97
694 374
59 469
258 133
534 221
454 118
541 139
317 568
180 466
281 486
378 167
846 104
235 178
468 91
350 505
614 498
233 57
563 217
223 330
337 291
692 514
785 380
411 173
822 166
616 625
378 444
462 607
401 249
356 495
705 544
643 467
589 581
312 197
11 192
209 291
136 219
864 568
94 276
865 689
434 359
312 236
159 389
879 492
590 74
271 281
508 270
573 104
633 414
484 94
872 666
717 68
162 8
771 627
267 356
622 402
801 216
81 659
552 624
362 384
762 582
396 457
115 392
51 148
422 539
843 391
679 142
869 535
827 609
822 110
352 599
362 659
64 454
72 399
245 216
875 220
518 427
844 95
807 380
832 70
274 324
208 568
313 597
362 454
402 548
801 616
313 379
475 244
449 503
110 356
432 567
544 659
823 395
151 258
243 139
545 138
618 627
38 70
398 255
638 178
426 229
123 233
562 513
842 422
596 100
822 18
505 496
821 106
439 411
644 111
190 530
650 155
234 98
582 664
538 426
1 135
619 80
546 82
172 522
151 54
301 423
32 430
632 587
702 256
668 41
320 691
827 455
251 283 474
148 396
30 438
160 2
10 180
243 383
95 232
168 16
229 200
252 76
259 467
170 460
212 44
237 159
99 28
203 165
136 254
11 29
137 124
186 345
247 363
17 159
27 284
109 455
158 50
61 224
51 261
271 156
99 407
228 466
239 251
132 15
95 47
217 51
275 257
55 182
186 355
218 265
217 320
146 76
81 7
146 216
35 34
71 378
34 212
9 109
83 330
0 298
246 447
87 352
257 452
112 276
135 204
49 399
50 18
80 224
39 202
264 99
280 338
168 385
27 274
223 246
280 45
248 310
116 223
155 51
114 51
249 436
274 198
237 11
130 361
132 145
180 104
163 129
83 148
166 224
185 58
140 453
4 442
99 400
76 280
211 293
199 205
75 292
111 140
110 146
23 442
86 393
274 437
96 317
216 464
144 435
44 439
219 430
25 408
129 122
210 331
212 348
153 97
234 368
33 273
221 165
262 232
219 115
152 33
2 108
254 304
122 448
66 286
226 200
13 186
154 334
88 66
24 383
46 78
221 302
279 217
95 396
61 355
146 447
22 176
218 215
214 428
170 175
34 396
8 360
145 403
230 428
205 230
151 60
149 417
7 88
127 61
37 413
53 325
78 36
251 271
232 408
28 244
98 366
192 288
30 76
189 471
246 114
151 72
281 437
122 243
120 77
27 437
113 50
261 205
76 216
163 240
46 30
104 160
175 453
171 172
25 93
142 264
106 199
21 283
270 254
28 114
68 259
185 150
95 167
9 298
27 161
117 58
40 351
138 14
233 471
97 187
21 159
165 296
169 215
191 324
249 436
223 227
234 318
135 333
246 161
97 394
276 23
24 416
151 474
168 130
108 421
278 462
141 196
217 268
266 95
142 406
263 457
225 80
205 61
178 213
180 374
118 349
206 388
166 199
224 49
94 187
276 74
138 4
169 263
79 108
155 292
59 316
263 100
23 2
281 40
273 188
113 249
67 239
169 156
30 353
203 194
118 103
133 143
248 342
3 184
90 191
186 392
252 177
70 134
270 81
112 296
246 16
2 233
222 134
142 22
201 398
52 456
257 191
211 413
124 334
185 34
48 25
0 263
173 346
211 284
138 473
55 123
225 78
9 73
149 74
51 128
213 116
265 402
210 414
43 267
351 966 830
812 773
765 639
519 596
788 648
947 453
305 828
190 405
693 499
284 389
73 821
357 402
324 305
457 30
881 521
69 687
374 782
857 323
729 803
941 610
103 114
681 236
760 79
639 424
542 486
210 511
874 181
487 240
253 422
688 198
754 406
928 39
647 531
259 796
211 148
910 667
137 808
697 221
478 562
367 483
277 325
619 237
152 94
366 10
92 748
522 477
821 110
958 376
260 728
861 689
458 765
736 155
437 598
450 495
786 718
920 242
377 6
256 719
712 126
885 465
710 634
609 62
874 476
49 251
825 780
589 114
723 484
836 474
774 342
68 277
145 812
690 290
593 168
61 767
577 603
102 34
370 208
835 168
320 536
395 754
802 377
445 65
300 682
678 809
609 373
702 271
767 774
261 189
380 587
682 782
251 374
260 766
529 82
850 133
20 370
35 800
246 621
365 474
745 269
654 514
822 555
100 13
765 363
965 307
633 328
143 175
473 91
490 150
507 740
834 488
626 188
333 723
308 187
427 147
774 515
424 115
454 312
234 587
836 179
405 491
864 17
370 74
901 472
356 130
266 204
919 509
76 93
773 67
959 312
421 585
298 724
379 85
353 525
954 578
796 431
699 228
890 601
72 404
938 224
274 624
601 171
139 517
461 247
46 241
129 646
228 405
296 393
137 594
228 27
821 640
491 427
726 602
606 36
271 288
234 558
791 537
696 79
522 690
800 655
619 582
18 623
339 27
462 342
888 800
575 810
699 523
279 494
488 300
240 318
446 639
263 517
293 471
158 264
159 619
366 805
896 407
634 375
649 479
695 73
770 104
321 226
353 3
936 91
469 421
610 740
658 150
169 423
841 719
775 647
294 624
762 47
510 237
468 634
508 156
738 334
450 304
789 57
643 298
654 459
942 253
44 645
153 644
569 42
490 620
11 57
502 328
959 461
185 222
188 299
606 668
14 487
27 210
869 297
570 388
766 772
803 142
162 61
948 519
934 184
92 641
240 570
677 41
590 552
642 314
540 641
737 501
346 141
365 689
394 764
754 59
464 735
929 309
530 684
341 748
365 307
426 805
35 545
787 247
8 278
411 813
719 409
110 234
897 738
297 684
394 35
467 395
625 793
467 585
348 702
635 380
274 78
302 73
182 66
885 585
560 578
713 130
487 594
385 554
281 153
691 190
717 167
516 808
596 307
513 473
800 81
665 205
226 73
368 630
73 446
573 333
591 495
895 45
100 675
478 456
946 23
40 187
344 249
79 169
524 574
867 734
723 512
415 815
516 234
366 574
78 543
205 570
242 539
756 162
396 232
675 229
420 433
79 295
255 276
687 103
700 275
145 675
160 642
415 390
352 817
248 423
704 57
107 585
536 626
273 676
89 534
316 811
671 187
256 363
529 587
689 331
513 321
670 514
378 378
333 27
849 55
143 742
18 460
492 557
97 260
495 811
721 173
645 474
241 83
310 671
802 321
958 397
842 42
29 623
729 2
933 481
894 269
182 171
335 736
474 3
447 827
568 503
790 622
551 377
105 680
784 240
895 764
263 660
420 413
949 92
605 120
770 474
58 813
452 137
609 86
775 427
879 802
240 778
406 947 699
550 311
614 542
213 283
395 643
49 630
939 489
81 551
539 669
325 404
888 349
457 496
51 49
639 415
444 641
712 499
935 314
354 101
572 492
552 87
883 454
394 522
283 187
593 619
589 339
79 585
876 225
801 12
846 301
923 179
470 500
134 533
794 240
7 423
744 623
230 71
5 132
397 73
48 419
60 81
754 619
114 198
572 500
558 23
253 242
606 495
66 484
24 308
72 567
123 209
487 694
444 624
874 326
677 50
677 293
507 255
773 402
113 661
382 268
660 303
50 490
202 552
6 30
768 451
154 496
688 693
194 392
81 220
818 67
939 215
340 554
926 25
68 376
355 610
556 275
877 454
282 615
618 492
358 70
159 696
278 355
101 508
928 210
385 370
629 452
294 242
666 508
927 167
260 406
29 128
194 443
370 200
934 492
556 456
375 388
752 33
407 45
918 547
828 23
30 137
419 408
427 385
492 99
768 553
533 82
517 639
549 320
891 487
720 436
776 279
60 452
697 471
278 307
543 358
814 141
667 257
793 175
318 369
346 99
38 383
625 508
347 310
288 66
657 544
686 97
208 78
858 589
902 500
416 473
346 678
122 105
359 615
4 633
304 158
608 659
178 365
795 317
407 199
711 529
195 338
290 319
40 628
48 570
284 556
491 190
538 409
384 525
476 180
419 61
635 643
916 485
261 91
182 588
794 89
473 637
291 648
133 448
860 69
222 609
542 114
619 216
171 699
822 300
444 501
273 123
268 685
736 205
900 162
886 122
863 115
475 131
123 620
435 244
686 501
233 220
319 556
308 43
804 630
87 188
371 308
223 328
497 219
857 125
929 231
39 84
155 458
947 14
175 398
314 673
40 563
89 419
244 81
746 276
372 409
296 595
141 227
227 614
426 209
879 127
828 286
199 391
381 579
210 28
425 116
261 629
864 194
617 4
643 263
156 439
93 196
603 142
763 558
665 321
863 96
544 264
463 111
675 32
630 513
348 420
358 61
365 366
855 150
226 682
346 102
410 539
626 209
465 173
895 38
370 439
779 546
399 670
501 110
86 252
804 214
188 158
95 625
280 682
484 346
448 642
784 690
113 198
923 614
591 419
657 469
422 240
823 313
574 424
843 516
352 499
146 100
809 457
886 85
35 254
647 7
96 179
290 129
737 501
475 352
824 148
393 682
464 436
171 202
541 171
750 137
662 200
382 232
929 416
561 548
534 201
396 318
536 310
527 362
639 94
602 636
135 288
814 235
212 366
690 337
845 608
595 659
233 317
875 218
37 661
127 155
438 227
149 146
897 524
248 252
626 127
156 465
795 259
309 43
697 591
709 66
335 612
841 60
177 521
575 566
102 498
681 248
913 646
358 166
350 659
502 540
406 59
478 653
370 459
208 699
630 681
505 301
221 242
482 274
115 93
404 697
603 313
445 68
655 244
482 333
359 104
722 441
383 84
810 85
91 694
664 497
884 301
634 173
516 612
244 211
913 192
537 48
578 58
84 369
734 654
135 657
291 329
806 526
161 396
376 408
531 300
765 671
210 455
416 50
308 196
201 677
257 74
842 347
773 446
912 587
337 171
601 612
852 547
250 213
920 654
109 87
719 278
866 461
170 506
603 6
47 376
751 544
491 161
827 36
416 511
667 461
683 72
225 483
572 415
549 468
50 222
839 77
481 217
542 291
39 653
77 330
793 280
78 80
422 669
548 502
645 344
435 616
380 88
863 640
83 0
340 477
915 567
798 480
884 696
891 412
485 368
802 279
744 521
563 694
838 80
848 423
224 211
707 292
891 191
505 407
879 397
56 18
25 191
138 653
299 569
677 289
945 12
64 490
465 379
285 76 360
57 243
34 52
2 265
69 346
22 231
33 11
49 274
73 292
30 240
48 74
68 75
23 265
42 263
2 81
62 17
72 36
41 234
20 327
72 171
60 263
66 79
73 185
44 296
67 156
47 169
28 290
44 311
24 312
40 238
13 120
16 204
66 34
36 186
21 96
19 133
49 278
16 214
44 145
35 99
54 265
70 111
39 31
52 268
44 154
9 256
39 280
66 11
1 57
35 195
55 73
25 93
60 120
68 333
22 95
58 205
28 220
1 73
10 258
52 114
65 66
35 267
6 49
51 240
44 54
28 200
59 283
47 57
15 179
65 247
61 41
32 154
19 288
1 33
8 89
6 178
33 97
19 81
61 1
43 132
0 216
49 122
42 145
20 120
54 208
13 179
53 339
48 332
0 20
22 332
21 91
0 205
64 233
11 214
10 67
75 169
45 199
65 1
62 109
66 248
15 8
75 87
46 280
61 133
15 2
53 350
28 194
11 162
69 360
64 181
75 242
9 291
30 221
49 305
6 294
53 167
39 139
8 109
18 192
51 238
71 227
70 228
1 301
39 66
25 345
71 308
6 117
62 187
2 109
48 247
71 324
26 166
73 248
37 40
23 97
47 214
36 85
38 324
41 351
28 266
21 157
8 82
27 30
61 251
26 40
33 63
56 71
49 346
13 83
66 280
19 303
51 23
73 95
13 354
9 317
25 301
65 52
57 327
23 232
42 162
73 234
63 155
54 33
25 205
43 165
26 237
48 197
37 316
11 187
4 258
11 147
51 196
57 161
10 222
70 319
49 244
49 129
37 78
69 118
14 219
72 46
17 210
38 237
7 55
21 53
71 87
37 90
30 280
73 326
19 223
14 45
49 357
26 24
8 276
67 357
52 4
60 51
27 106
40 19
70 231
44 53
17 214
28 181
15 335
10 215
8 310
23 184
9 13
65 20
65 291
38 244
39 240
28 89
39 162
22 86
51 122
15 291
64 223
37 349
65 77
35 274
70 283
52 274
28 246
15 105
16 191
53 50
71 284
41 297
71 189
62 359
46 162
35 106
40 221
33 161
39 178
21 266
46 112
30 337
33 52
11 53
20 9
24 195
65 184
45 259
47 94
26 203
27 6
45 161
51 343
17 106
66 278
41 201
32 130
28 268
37 198
34 306
24 305
69 20
42 152
71 80
64 55
24 82
1 171
5 170
67 146
63 254
60 167
11 32
19 211
2 58
76 141
35 136
16 24
33 154
63 14
65 2
43 97
63 71
1 328
15 1
11 96
46 56
24 350
8 139
18 269
548 467 842
405 462
169 260
231 668
141 716
338 108
266 836
171 640
293 699
257 576
260 553
64 134
180 693
89 555
80 609
139 617
394 290
211 69
99 568
390 822
412 329
142 109
239 379
195 487
58 444
205 788
164 367
289 425
115 334
312 592
214 192
349 360
272 287
447 32
407 165
15 139
34 625
177 660
3 523
337 239
101 366
124 122
88 263
353 792
67 368
14 382
53 434
38 200
200 13
101 260
131 771
106 357
274 331
438 557
60 320
83 822
466 138
170 419
25 490
34 525
252 436
118 418
28 491
376 275
387 534
112 524
466 777
216 700
374 55
166 119
238 210
339 62
329 41
194 277
436 376
190 231
361 709
271 366
210 266
362 18
60 176
51 104
98 265
76 59
198 59
311 539
24 804
416 303
436 608
451 218
455 539
29 481
354 255
13 762
351 488
97 163
127 164
343 616
160 755
441 592
193 696
70 83
211 573
314 503
373 123
455 165
3 170
112 67
189 492
198 631
245 293
357 643
188 745
213 571
55 91
239 470
215 451
338 444
200 782
9 204
354 510
337 568
354 699
330 789
191 306
20 170
228 54
85 56
13 229
297 297
357 790
189 792
123 321
403 105
327 182
173 165
282 363
314 213
236 210
115 253
109 263
267 115
257 394
158 116
55 641
83 628
268 180
49 670
415 813
459 446
270 770
360 528
78 186
124 194
256 426
273 596
119 713
235 6
169 568
392 572
252 377
41 639
24 619
188 743
287 83
118 425
343 800
45 143
90 377
140 223
153 469
243 492
231 530
393 445
147 462
29 464
69 59
69 397
372 410
276 267
437 644
153 346
278 487
10 428
240 511
118 667
437 469
410 318
116 815
344 96
57 622
279 274
315 504
431 359
10 810
156 250
378 159
35 53
380 770
88 352
409 131
290 259
440 493
322 284
440 339
435 585
444 625
367 484
127 529
255 42
313 310
328 107
125 46
412 115
282 484
62 95
451 486
345 742
329 88
127 286
269 248
202 230
342 729
281 158
175 557
351 69
224 493
117 337
447 178
258 196
306 762
228 804
418 645
457 225
176 571
113 2
84 382
223 691
161 631
171 526
317 49
101 55
10 455
422 766
152 686
463 137
405 253
24 694
201 486
167 473
343 431
227 190
211 392
257 81
231 729
453 368
227 44
153 163
305 815
98 133
192 733
319 105
61 738
357 727
102 561
43 595
80 517
404 804
126 665
68 246
365 177
438 329
11 37
105 721
103 421
177 353
41 651
296 297
117 99
236 84
453 223
68 651
423 305
229 490
409 340
310 520
94 350
175 580
148 341
294 240
228 154
290 73
116 50
244 350
48 236
324 810
37 797
439 40
268 231
285 228
113 265
260 772
152 598
56 688
331 810
167 543
438 520
106 611
319 828
192 404
107 237
145 364
313 833
348 135
60 618
67 318
293 112
464 341
378 598
21 332
147 798
77 372
49 648
75 729
406 786
12 697
188 505
402 57
145 465
18 242
448 398
122 124
28 491
334 746
382 335
392 496
287 268
50 607
185 535
448 550
265 784
252 343
21 307
358 625
213 435
243 13
78 426
210 27
227 128
257 163
175 166
75 595
183 211
74 351
464 9
235 223
387 146
459 81
418 809
447 226
342 415
228 76
332 745
400 758
258 718
445 335
243 264
171 477
391 446
70 378
171 570
392 90
68 167
371 169
9 563
53 219
444 476
176 819
463 82
16 250
42 339
90 0
258 672
115 235
378 146
440 415
234 56
44 431
152 361
193 41
169 838
45 744
272 398
70 534
202 296
53 439
420 369
401 238
149 600
264 0
105 771
13 303
345 763
45 735
345 176
191 732
229 36
405 486
202 352
300 600
434 804
392 126
113 319
340 56
245 680
65 348
457 472
93 277
9 226
364 199
121 788
145 417
68 721
127 100
430 764
418 406
397 738
398 741
199 738
176 817
151 10
70 711
192 815
346 400
46 157
300 444
415 530
133 768
272 605
30 166
431 568
374 93
323 103
274 520
446 472
243 100
436 659
13 649
221 114
106 673
347 491
50 57
127 819
181 429
315 535
37 633
192 166
43 567
119 560
185 795
172 581
439 357
18 21
172 29
217 54
250 90
428 660
390 724
355 656
359 58
187 748
352 452
212 417
170 183
457 262
174 9
188 187
45 768
2 371
317 27
240 340
187 813
271 791
160 635
425 689
232 111
321 225
267 507
128 423
13 462
68 667
22 370
205 679
206 747
28 91
427 317
26 734
213 430
128 139
327 445
169 599
101 421
420 645
300 309
81 460
69 752
373 83
278 824
370 259
317 653
412 502
71 466
295 416
12 76
61 118
252 225
175 603
125 542
465 258
291 472
15 463
99 688
195 503
30 307
266 396
367 798
368 772
52 292
126 317
234 585
148 573
163 153
115 139
66 580
458 387
62 116
121 432
393 395
283 472
285 540
386 503
163 608
367 600
225 620
364 109
425 353
221 13
111 699
153 727
529 768 63
164 32
448 40
445 55
427 44
422 4
726 60
254 1
566 58
316 13
491 50
124 26
522 3
410 52
374 62
165 63
696 23
116 39
129 8
505 22
175 34
654 62
145 49
317 58
502 10
110 62
761 30
147 39
283 50
392 57
701 32
18 45
494 23
216 54
676 51
410 19
92 38
195 52
415 17
180 2
359 54
373 23
131 25
96 53
685 26
677 59
653 38
83 49
435 61
232 28
234 51
405 5
149 1
564 48
720 41
318 45
640 51
267 52
425 2
23 23
458 24
564 22
608 59
326 60
160 46
598 40
412 8
720 58
442 39
337 27
471 29
684 48
560 12
721 28
151 13
163 43
263 5
558 36
587 9
734 56
655 56
747 25
10 14
447 9
426 62
57 6
653 44
78 43
529 26
266 7
755 58
128 13
762 51
334 0
14 17
540 52
468 25
181 10
55 32
537 28
250 56
216 57
548 24
184 29
699 43
221 26
485 22
523 37
641 24
647 6
368 29
163 50
168 7
152 29
203 16
311 6
103 28
569 44
428 36
191 39
416 45
631 53
742 40
199 13
454 63
108 41
495 13
496 19
615 24
99 59
156 42
484 48
150 1
517 60
251 38
523 52
333 37
12 23
377 3
527 14
288 55
491 31
512 19
660 24
454 34
389 20
382 21
476 20
745 34
716 59
538 51
501 28
462 25
15 38
725 24
115 31
15 43
634 20
412 48
492 43
516 1
707 32
572 4
267 45
244 4
7 47
665 24
116 16
628 63
411 15
280 42
434 40
344 45
428 20
56 41
459 48
619 63
682 1
24 4
578 42
375 22
658 0
306 36
237 33
118 6
355 60
11 30
299 5
695 32
324 41
466 25
142 52
768 42
345 28
611 35
668 55
721 31
96 41
543 7
29 39
587 58
271 61
385 7
540 36
510 28
651 50
466 38
504 14
455 28
489 63
216 48
122 57
532 45
32 19
532 44
180 1
426 30
535 63
628 0
711 13
383 48
557 19
617 38
151 39
749 12
208 1
241 28
740 12
529 29
687 61
440 25
229 48
156 60
121 29
676 18
760 25
656 42
351 25
448 14
415 18
356 38
230 22
165 14
583 11
205 1
198 54
206 6
348 18
28 22
753 62
139 26
207 43
131 4
513 20
273 4
613 44
369 57
64 44
257 37
65 52
755 63
319 2
671 16
535 7
349 4
615 15
496 29
103 34
593 62
43 52
756 28
333 44
711 36
496 29
256 15
642 48
36 59
415 19
466 7
243 50
702 31
122 41
518 59
662 31
447 1
420 59
573 52
396 50
737 63
696 34
290 33
73 28
368 5
639 41
277 9
467 23
184 29
245 38
46 11
650 18
55 24
534 41
267 53
730 37
660 43
66 3
439 26
489 42
235 15
84 43
454 46
328 1
747 2
571 36
692 44
500 25
341 3
193 18
33 29
449 45
418 63
88 22
262 15
501 56
543 19
615 55
348 37
98 13
353 32
333 52
709 39
235 17
704 15
495 35
582 27
644 53
673 0
694 51
146 11
269 46
223 14
525 32
270 29
111 26
505 30
505 10
114 27
727 47
5 63
768 22
611 34
31 52
212 23
287 50
364 18
261 1
652 5
371 19
246 14
382 32
157 59
429 49
70 5
696 0
428 51
268 30
176 34
16 56
237 57
728 29
465 10
25 43
612 0
107 50
485 43
73 59
194 60
520 60
476 13
714 6
355 19
406 23
494 55
131 47
332 58
169 60
292 43
752 20
573 38
226 57
167 24
163 56
13 33
232 21
343 49
625 47
373 0
441 57
292 22
436 39
645 53
634 20
406 11
679 11
690 46
106 2
41 57
431 26
165 47
544 9
448 11
419 36
644 63
150 2
646 6
4 37
29 13
296 28
93 34
627 9
343 45
84 23
608 6
45 1
16 33
101 21
596 2
122 56
593 23
245 22
465 37
223 25
493 53
517 11
333 30
582 39
714 32
273 49
19 48
539 28
139 60
106 62
767 43
419 0
107 50
668 32
125 18
654 9
623 47
42 30
8 41
76 24
128 4
488 48
668 60
164 6
111 63
361 56
104 59
681 45
281 15
372 4
309 6
237 41
660 34
726 3
116 14
603 21
382 38
373 7
561 18
302 27
19 17
762 60
281 12
692 58
486 54
556 61
552 13
565 50
678 47
718 59
555 18
252 15
86 21
431 26
375 35
157 57
609 9
499 2
56 30
664 49
717 59
550 17
81 21
550 56
474 57
392 1
263 3
410 3
106 39
603 0
18 20
482 0
516 47
729 51
635 62
328 34
288 18
690 2
456 55
735 44
183 45
28 60
608 63
402 9
491 29
33 49
602 3
348 15
334 51
529 1
145 38
764 44
197 23
33 32
370 41
27 62
339 59
212 7
