10
256 6 665
4 290
5 231
1 315
4 536
2 174
4 150
0 397
3 328
3 65
3 536
3 640
1 533
0 143
2 287
6 122
0 577
5 391
5 621
6 625
3 202
3 151
0 122
6 187
0 422
4 124
2 237
2 77
0 627
5 605
5 481
6 391
2 527
0 586
1 262
5 411
5 116
1 203
1 496
1 74
6 28
1 650
4 350
2 422
3 385
3 611
5 528
0 644
4 557
3 361
2 495
5 4
1 107
5 340
5 35
2 294
2 0
3 381
4 443
2 99
4 656
4 467
3 484
6 345
1 344
1 529
2 250
2 276
4 126
1 399
2 417
5 277
2 410
0 205
0 286
2 454
3 452
3 180
0 36
4 647
2 55
2 658
1 430
3 101
1 323
6 156
4 632
5 596
0 529
2 615
4 544
1 478
2 660
3 601
6 8
1 514
2 531
2 422
0 213
1 289
1 410
3 663
4 264
2 138
3 114
2 278
2 543
3 323
5 187
5 619
5 331
2 260
2 361
3 595
0 591
6 549
1 50
4 149
0 473
0 494
3 479
1 580
2 301
2 280
2 651
6 122
3 139
5 564
1 450
3 513
0 98
2 149
4 276
5 566
3 24
6 56
4 657
3 246
1 363
4 219
2 197
2 51
3 110
0 223
3 443
4 374
6 518
3 127
3 313
6 315
2 527
4 279
1 446
5 197
2 489
5 545
5 195
0 409
4 546
4 304
2 141
0 303
6 640
1 226
0 511
0 63
1 352
3 224
2 253
3 328
3 327
6 148
5 242
6 214
3 577
6 550
5 583
3 98
1 5
3 283
2 305
3 222
3 74
3 175
5 358
6 507
4 149
3 594
1 651
1 4
6 47
1 53
3 128
0 626
6 580
5 35
4 27
2 262
5 194
2 584
2 328
5 623
4 518
3 307
2 133
2 452
0 251
6 249
4 95
5 617
1 556
3 281
2 348
2 174
0 315
4 480
5 621
5 507
1 480
0 415
1 563
3 179
1 93
1 632
5 23
0 250
0 623
2 652
6 408
5 286
2 356
0 87
2 28
6 171
2 232
3 455
4 226
3 330
3 449
0 560
2 266
4 438
6 61
1 633
2 637
4 632
0 509
5 25
6 86
2 432
2 221
3 448
3 243
2 153
6 460
6 551
1 348
377 279 577
197 317
162 306
92 270
234 238
141 342
190 41
60 492
168 325
50 252
61 175
14 500
10 154
188 569
225 561
203 406
233 74
67 527
215 288
263 189
20 432
89 358
36 308
136 320
193 305
144 342
204 16
269 556
86 187
106 254
234 533
240 171
22 439
198 45
211 551
278 309
50 400
57 148
262 208
34 397
253 96
174 261
80 61
136 494
84 56
222 53
143 252
250 253
234 191
146 475
222 533
141 50
257 142
102 119
264 88
6 131
186 312
7 508
87 267
49 256
129 229
83 546
46 13
54 442
94 154
37 215
217 26
53 310
121 464
153 365
164 2
63 371
84 524
81 110
109 572
216 382
274 521
254 186
224 206
64 373
101 235
252 316
24 487
105 277
53 324
250 194
162 195
161 63
279 134
11 200
245 385
218 411
118 567
23 130
93 281
125 402
188 359
257 46
147 36
229 488
212 388
10 109
105 515
214 571
6 191
85 259
44 410
234 172
241 111
248 228
64 440
273 542
215 406
209 336
52 546
3 436
230 197
231 574
57 563
185 53
134 394
210 232
38 38
212 47
13 553
78 387
147 541
225 482
193 208
37 79
57 122
253 533
77 117
87 88
266 364
221 125
7 87
171 41
187 396
197 120
29 577
21 420
218 127
2 389
273 565
120 512
231 39
210 429
42 477
35 471
34 293
22 79
152 9
110 564
41 421
132 44
174 248
270 228
273 423
267 344
184 507
189 154
73 15
189 337
8 368
168 390
97 94
107 310
256 224
54 567
269 36
112 122
212 132
20 505
119 24
64 22
139 397
184 346
92 27
72 538
213 182
39 325
175 88
153 439
108 199
192 14
265 462
6 0
279 120
147 206
58 45
166 310
56 38
2 488
187 396
273 307
59 280
176 490
202 169
257 103
128 413
1 449
66 465
207 527
57 223
207 152
158 18
186 557
188 174
235 334
135 396
241 572
4 541
20 467
210 103
110 134
190 533
195 448
142 301
65 427
70 187
187 60
111 309
35 473
2 141
139 111
91 504
75 270
261 435
175 21
244 363
273 476
268 373
3 372
184 378
201 254
237 69
226 38
74 566
112 496
277 375
237 300
96 346
208 403
279 363
13 9
260 426
270 312
67 467
122 163
237 540
249 313
177 366
7 43
202 497
72 117
115 203
159 231
86 256
32 21
63 327
201 36
204 151
164 31
80 89
115 365
75 246
256 294
176 86
247 22
127 299
169 300
221 37
197 321
161 222
264 180
147 7
140 359
120 411
215 44
56 220
262 551
158 510
255 135
246 238
25 236
134 355
208 97
140 336
126 531
76 394
117 163
40 408
39 194
27 548
105 375
48 71
86 290
197 249
133 446
179 429
130 293
250 486
132 444
184 442
3 436
265 10
100 295
122 391
57 293
137 362
256 185
121 72
135 283
19 535
227 77
172 101
104 226
7 395
124 466
111 335
44 364
119 192
273 398
27 417
7 366
237 50
93 269
70 83
142 290
90 549
161 60
190 371
276 505
118 224
109 294
119 352
198 538
42 8
96 184
115 318
258 48
240 370
23 124
21 503
144 127
278 415
117 180
187 107
258 243
257 135
255 312
265 464
78 300
238 111
122 319
23 90
17 65
44 319
37 547
230 238
48 353
103 495
9 130
22 121
36 355
99 545
247 12
209 208
136 537
245 430
112 16
231 280
123 249
43 270
213 111
86 161
94 430
132 257 641
197 155
172 91
38 350
194 545
93 94
163 99
119 616
49 103
151 375
70 62
246 435
211 414
177 127
42 27
76 458
136 123
72 216
68 222
104 537
125 444
71 65
183 137
255 188
70 568
88 157
166 56
256 298
32 65
81 603
255 181
27 47
164 255
167 383
194 120
222 535
204 131
76 397
218 571
79 373
213 371
164 282
228 412
226 188
63 295
69 502
198 365
177 2
180 171
71 320
93 527
170 145
71 36
144 149
54 349
54 327
125 410
123 371
114 479
89 16
124 505
230 472
240 358
169 70
221 82
13 42
10 537
79 559
163 19
96 403
180 521
227 311
103 630
134 402
168 464
122 464
109 158
91 487
228 60
245 335
226 238
239 42
167 496
43 571
9 600
32 106
17 353
237 58
70 322
64 32
72 100
256 403
7 149
6 65
75 27
153 284
236 0
14 331
171 218
210 234
174 457
112 587
220 48
37 374
190 328
4 446
14 193
169 619
76 319
233 416
160 308
188 544
246 316
10 27
244 358
82 574
197 534
85 206
4 319
184 174
209 277
182 365
176 117
229 102
2 318
138 5
66 440
19 156
5 5
214 513
242 378
144 401
216 119
228 720 481
701 457
649 215
307 361
29 239
338 181
627 404
552 47
201 34
309 2
408 110
176 47
192 370
533 219
700 80
610 382
165 83
276 356
208 409
247 41
677 443
106 13
490 10
587 331
7 424
353 262
480 164
607 208
455 108
115 382
685 99
419 474
16 157
654 480
269 328
172 478
45 359
519 399
359 423
649 159
703 326
492 418
522 121
125 416
220 316
401 290
387 470
313 469
216 21
338 328
428 250
421 28
211 205
142 370
26 420
647 384
352 212
615 145
219 208
552 81
403 267
624 330
474 44
184 145
607 175
598 158
166 316
209 426
661 358
658 412
134 105
119 432
713 378
62 169
175 47
363 373
269 11
359 88
626 284
424 346
198 225
537 147
312 81
20 324
521 277
362 125
252 440
563 90
205 43
168 185
662 253
670 406
508 170
664 64
273 472
637 176
92 177
115 18
623 287
367 87
236 341
211 209
201 31
13 380
101 430
210 166
712 31
684 337
611 200
624 400
417 74
635 277
706 290
624 381
309 254
164 49
423 424
24 28
571 429
453 402
650 363
425 322
245 274
563 469
438 195
298 55
718 354
355 392
386 372
444 129
383 375
662 355
694 181
132 35
435 182
207 122
382 268
139 331
443 366
41 53
159 95
6 221
406 314
714 355
473 167
620 447
36 407
364 250
239 94
697 460
215 113
29 85
239 417
503 441
582 124
554 125
16 476
31 285
343 223
637 256
172 33
374 195
89 286
72 290
657 475
281 401
375 241
459 5
623 292
287 93
639 204
648 252
391 310
501 250
125 213
540 185
665 472
649 430
644 89
361 46
480 379
154 61
87 324
171 58
277 257
184 295
289 242
273 403
212 474
693 347
182 422
57 196
418 176
303 78
417 127
343 91
8 90
454 34
533 91
516 294
74 470
427 72
234 45
323 173
176 37
206 115
231 443
339 261
680 201
412 146
296 463
264 225
243 262
111 231
334 96
287 92
30 22
484 314
116 29
133 459
525 270
73 269
314 148
106 113
333 259
361 196
696 369
646 57
45 70
91 888 567
439 55
144 17
134 121
414 341
71 140
35 360
92 531
50 99
607 203
199 407
770 414
238 190
22 385
597 436
816 397
141 552
35 265
323 264
691 302
848 40
348 57
160 265
524 53
669 481
857 544
15 10
287 464
599 8
152 94
313 292
746 543
40 337
471 198
680 18
77 31
765 335
365 379
462 28
865 356
242 120
840 222
683 75
106 291
278 360
296 528
68 230
22 241
664 135
338 560
496 331
690 172
436 31
4 50
166 376
116 529
679 91
262 547
171 221
597 210
492 9
771 546
776 26
400 198
128 90
601 275
883 134
727 440
434 351
305 145
578 249
740 47
355 209
707 426
346 258
706 364
149 160
241 466
222 561
182 348
355 206
840 424
297 463
645 426
251 99
174 365
214 109
39 40
3 360
825 140
2 455
29 277
96 527 776
458 13
511 215
130 250
502 219
66 372
195 583
124 670
111 117
138 402
479 373
394 403
149 678
425 122
55 342
204 500
61 740
85 716
508 747
361 112
162 710
137 182
151 478
12 233
415 776
146 576
121 763
77 748
59 274
211 160
308 169
279 78
85 227
477 747
244 644
148 217
338 226
364 754
147 135
288 353
128 676
1 166
47 15
120 380
117 232
348 566
282 254
331 193
128 322
496 339
127 76
315 427
2 616
492 60
64 274
312 715
287 397
42 666
391 243
41 532
29 640
470 536
90 627
214 428
89 722
63 22
363 378
219 154
65 513
115 22
499 458
386 14
276 672
258 321
126 2
248 273
225 58
2 589
527 591
70 518
463 62
370 218
47 649
328 317
308 417
306 55
471 130
138 7
193 579
488 771
232 64
139 107
463 130
373 468
422 768
87 748
176 409
545 736 303
694 191
318 260
438 82
156 215
633 248
715 153
708 216
677 16
500 58
429 82
381 206
301 122
328 46
226 111
361 105
499 230
108 160
43 75
534 167
397 270
294 122
158 47
184 216
319 167
270 287
187 162
735 65
284 290
714 263
538 221
131 119
574 74
600 79
266 233
515 167
526 69
0 15
555 52
264 195
567 218
585 180
148 79
724 106
391 85
423 195
220 162
192 183
274 289
373 113
151 236
165 146
441 298
325 133
568 120
313 282
86 235
115 128
444 132
147 92
503 11
727 253
87 298
261 122
456 122
601 230
266 228
29 71
413 265
146 285
643 276
125 117
320 133
444 234
561 191
562 228
123 22
531 88
216 37
53 29
170 159
241 229
382 60
323 34
324 232
304 103
627 294
222 140
368 177
675 133
1 108
218 299
15 234
553 164
285 22
83 142
222 180
590 281
76 79
664 262
126 42
631 244
359 298
664 187
482 166
619 268
64 74
90 133
113 74
227 292
212 218
34 294
635 214
520 31
282 10
375 45
377 67
124 100
86 97
426 264
134 1
14 266
408 219
714 96
229 121
100 119
515 248
356 130
239 109
606 180
68 183
629 188
213 243
144 23
286 272
48 28
141 244
619 45
385 102
33 182
283 258
536 274
267 138
693 73
513 7
509 79
505 207
509 153
636 267
198 216
705 192
605 205
309 251
140 5
47 120
52 0
307 216
609 293
6 103
44 10
608 43
583 13
436 84
58 126
707 54
1 283
721 10
266 108
56 163
686 38
61 28
651 86
70 41
643 22
570 153
295 271
721 153
736 175
195 162
236 13
531 83
540 207
543 209
507 67
694 140
402 80
675 160
605 140
539 257
303 58
160 211
732 31
221 37
46 26
269 252
63 159
219 48
278 125
154 90
106 54
723 299
348 111
523 13
670 69
427 127
180 105
315 168
213 111
387 87
434 132
242 193
418 66
582 66
487 227
226 97
329 100
63 144
572 279
375 191
175 157
440 187
133 49
229 143
36 288
306 26
16 265
231 152
272 189
93 235
512 103
314 122
230 136
45 127
445 136
52 188
703 29
675 300
730 155
146 270
483 65
500 288
263 229
633 69
724 83
257 259
527 45
605 86
648 55
305 22
552 259
457 213
549 298
317 94
262 44
53 2
396 70
725 151
246 155
157 141
612 238
214 120
684 205
641 193
432 163
214 165
266 138
464 119
29 300
621 298
726 3
735 182
708 15
526 100
90 282
149 120
59 66
585 228
664 191
602 244
398 45
305 169
451 196
6 27
514 215
689 248
263 50
588 3
674 172
368 267
23 72
210 79
362 52
90 138
248 120
348 5
471 184
55 76
168 176
365 268
605 158
147 17
485 51
64 290
595 155
149 69
430 49
701 110
118 167
45 56
446 22
711 181
528 252
584 10
526 74
340 227
228 219
6 136
487 8
98 189
720 88
444 119
89 135
169 254
162 189
490 302
88 99
270 146
193 166
275 188
28 147
76 168
585 84
450 44
371 155
161 272
278 219
685 108
495 28
273 65
30 96
10 157
407 275
435 259
96 171
282 73
288 288
598 108
658 290
471 193
560 97
564 112
719 281
686 79
111 294
616 255
165 224
478 9
606 123
654 45
586 141
308 21
38 88
274 225
181 298
688 231
340 5
323 137
290 275
62 4
712 73
24 63
268 96
193 204
378 69
20 211
309 96
582 63
198 90
525 274
564 132
82 193
472 272
489 135
158 258
126 236
192 128
491 36
133 99
515 140
276 218
219 75
345 24
414 210
620 140
621 199
377 109
614 121
589 130
573 32
617 108
361 128
330 279
232 173
499 118
456 244
26 105
104 59
440 186
396 243
637 162
252 22
683 243
88 61
195 112
27 171
105 74
365 169
203 176
381 140
306 95
439 55
475 144
186 41
24 111
720 81
562 136
638 257
582 263
7 193
351 123
333 3
122 72
373 263
476 242
208 271
35 212
379 266
673 152
388 94
109 1
321 265
305 279
143 260
649 248
627 21
620 226
200 281
102 213
249 275
508 67
625 217
368 280
535 43
531 184
701 119
256 25
56 50
207 298
410 270
48 172
382 22
5 28
374 121
119 271
167 104
561 30
434 42
540 214
196 166
117 239
456 7
145 62
415 297
193 95
690 27
607 267
391 91
617 80
418 248
132 1
108 114
122 83
368 70
473 257
696 103
424 218
226 170
409 199
620 66
428 139
106 290
608 159
391 110
7 2
187 31
140 104
533 66
318 13
624 196
427 85
125 191
480 121
382 8
172 237
235 38
538 184
162 191
539 118
597 6
325 53
385 139
560 214
427 72
563 54
631 226
597 279
586 155
69 187
192 128
197 238
322 208
469 207
107 189
519 110
298 158
232 265
272 48
128 200
632 131
494 84
427 106
244 182
395 171
207 120
35 201
496 193
102 204
323 218
499 151
612 301
648 187
226 15
598 165
363 67
8 182
500 45
337 3 605
1 263
1 161
0 31
0 553
1 28
2 69
2 473
3 309
3 368
1 78
1 460
2 162
3 74
3 428
0 89
0 165
2 416
2 68
1 12
3 360
3 566
1 359
3 186
0 580
2 125
1 495
3 207
3 86
3 188
3 515
3 163
0 157
1 534
3 184
1 374
0 352
0 265
1 532
1 537
2 163
2 87
2 405
2 473
0 339
3 535
0 466
2 456
3 436
3 376
2 90
1 87
0 7
0 311
1 568
2 204
1 432
3 548
1 350
1 251
3 605
0 230
3 407
0 11
3 599
1 15
3 296
0 289
0 589
0 1
3 134
1 204
2 25
0 326
3 90
1 592
3 286
2 452
1 431
1 88
2 9
1 272
1 104
1 373
3 454
3 166
0 108
2 313
1 281
3 272
1 374
3 358
2 373
2 275
0 432
3 387
3 231
1 510
3 142
2 186
0 181
0 343
1 486
0 187
1 83
3 60
3 10
2 410
0 387
1 346
1 443
3 48
2 78
0 167
3 364
3 581
3 469
0 599
1 368
0 511
3 537
1 201
2 148
1 460
1 84
2 512
3 226
2 359
2 276
2 525
1 37
1 344
0 347
1 14
2 415
1 89
1 18
0 423
2 59
1 229
0 5
1 199
1 459
1 536
2 7
1 299
1 484
3 449
0 509
3 100
2 516
3 193
3 8
2 465
1 51
1 345
3 594
1 52
2 26
0 342
1 202
3 212
0 206
0 440
3 283
2 562
0 258
1 493
2 530
0 467
3 205
1 402
0 516
3 406
0 201
2 339
1 311
0 12
3 372
2 155
3 521
1 7
3 394
2 573
2 381
0 58
0 35
0 308
3 73
2 251
3 384
1 442
1 65
2 135
1 435
0 14
2 535
0 287
3 50
2 406
1 452
0 546
0 452
2 567
0 121
3 565
1 568
3 359
1 384
0 228
3 312
2 327
1 398
2 92
1 396
2 408
2 490
0 494
3 361
2 391
0 433
2 145
1 515
0 186
3 526
0 270
0 184
3 1
1 369
2 324
1 490
0 402
3 239
2 240
0 510
1 4
1 375
1 496
0 418
0 106
2 18
2 99
3 368
0 314
3 328
2 55
3 292
1 352
3 275
0 53
0 11
3 281
0 207
0 198
3 382
0 491
1 75
0 368
1 455
0 102
3 478
1 390
0 142
0 460
2 492
3 362
1 335
3 417
0 343
2 89
0 78
0 285
1 329
1 494
2 493
3 355
3 518
0 293
3 410
3 237
1 189
3 564
2 164
0 594
2 150
1 392
0 185
3 280
2 488
0 456
1 529
2 504
0 480
3 25
2 103
0 345
2 19
2 344
1 444
2 219
0 543
1 350
0 210
2 401
0 563
3 231
2 591
1 86
3 85
1 278
0 137
1 8
0 455
2 474
1 448
1 179
3 227
2 271
3 318
2 58
3 82
1 526
3 183
0 297
0 252
1 590
3 120
2 74
2 478
2 397
0 399
1 469
2 265
2 356
3 571
2 387
3 467
1 484
51 638 250
98 114
284 105
155 109
357 57
209 106
4 243
268 39
107 95
300 57
583 133
595 131
552 25
18 227
322 64
384 166
500 3
83 106
233 247
370 204
39 173
59 23
176 107
148 55
623 165
504 17
305 248
114 235
405 82
180 161
321 113
380 82
43 170
421 102
337 30
228 32
93 244
55 183
250 246
370 180
470 228
619 21
56 222
173 60
501 94
185 13
553 111
2 137
483 161
52 10
394 172
194 209
823 837 814
122 718
141 476
579 185
666 656
69 610
107 376
587 85
318 251
287 678
535 812
267 636
821 348
101 222
150 533
598 578
61 510
24 545
511 181
199 148
169 756
314 583
627 6
531 451
416 163
402 3
66 594
123 148
135 126
27 127
96 714
526 7
800 159
105 368
608 255
558 363
320 34
508 689
682 587
800 687
473 427
121 697
779 88
335 333
760 790
654 660
442 741
213 673
54 793
624 213
661 530
57 3
126 494
544 178
513 805
523 804
617 314
434 624
634 292
89 403
585 177
612 531
539 276
49 578
52 615
165 275
764 339
311 681
825 545
315 674
270 697
395 740
683 110
63 386
214 265
782 456
642 612
443 120
290 348
391 116
328 461
509 53
816 31
53 393
584 354
758 84
114 703
650 7
52 345
185 187
612 758
812 26
139 390
213 203
364 419
225 675
69 72
692 653
463 222
306 467
567 270
810 600
288 561
387 546
244 788
645 277
155 739
726 648
490 23
470 25
452 745
162 508
47 790
24 707
216 151
466 774
10 97
82 756
514 138
385 111
788 796
522 417
557 478
146 6
258 676
810 129
475 93
686 395
735 344
232 266
494 434
60 491
590 571
3 551
357 707
771 608
326 23
705 380
612 35
547 188
630 206
197 289
107 529
827 368
210 546
411 341
374 433
409 58
359 24
140 83
255 243
478 179
275 477
627 768
358 733
374 196
601 33
456 813
617 744
460 409
122 574
439 214
796 555
369 381
716 668
487 69
329 730
715 150
764 595
108 479
41 634
182 212
216 132
806 202
538 363
568 110
753 334
611 101
765 171
482 227
106 520
230 511
551 119
493 402
651 126
216 801
831 528
497 186
783 195
789 296
639 787
598 254
727 306
427 769
805 411
751 678
495 52
800 127
836 610
431 459
258 170
503 255
792 431
752 331
666 617
675 759
423 396
184 470
260 341
421 753
721 180
47 443
770 778
332 792
503 72
33 68
28 669
174 727
446 552
466 485
830 446
742 518
192 415
728 516
739 173
717 267
391 43
455 160
520 253
546 154
167 750
109 354
25 333
762 463
410 298
745 814
693 350
272 558
777 265
537 67
219 287
208 579
635 619
389 727
359 237
502 383
423 76
176 563
95 792
81 54
782 132
362 806
677 145
430 608
251 382
202 34
837 583
536 787
820 111
405 446
476 553
321 308
427 326
802 613
343 55
482 578
73 82
670 30
95 90
274 425
137 285
564 114
632 646
225 228
641 360
409 679
155 476
87 88
136 16
559 78
136 129
221 434
793 800
705 226
608 74
144 122
655 684
45 801
424 711
810 244
355 74
798 743
566 68
1 112
684 506
637 544
509 420
775 633
74 414
261 268
529 482
591 421
21 413
541 653
652 622
126 353
349 793
718 608
173 85
234 519
187 484
585 198
346 411
69 495
618 450
557 285
482 727
401 256
692 85
695 422
72 779
715 164
108 630
244 377
769 465
592 66
550 329
269 11
315 671
771 324
414 29
150 211
547 287
308 656
402 350
654 53
732 612
95 646
35 563
284 718
18 290
376 737
670 623
627 721
437 14
827 360
797 627
364 375
729 613
361 259
291 267
513 37
455 103
189 279
402 678
748 667
258 328
443 347
678 310
531 190
247 270
584 155
406 482
166 784
529 534
45 605
452 115
460 652
621 297
14 459
31 475
60 703
795 475
672 727
190 275
368 82
86 13
390 415
262 342
244 350
539 789
520 436
303 357
514 696
538 566
18 603
491 440
58 2
327 514
538 71
4 192
702 94
766 779
37 488
265 255
436 756
317 340
119 318
7 225
453 325
70 328
22 805
3 391
464 53
265 296
302 241
525 666
106 481
713 419
390 511
717 354
107 89
691 617
271 577
606 182
697 606
357 802
146 250
546 163
144 645
229 2
827 523
359 194
115 58
531 131
667 47
241 597
353 151
746 119
793 214
802 1
392 385
280 175
427 757
603 725
253 373
218 659
202 155
631 57
812 12
569 570
481 247
31 799
67 539
74 313
493 580
128 332
105 692
39 572
396 420
303 194
636 784
639 661
262 465
64 337
210 481
332 324
60 19
433 313
341 800
441 70
837 301
335 502
724 484
382 387
471 529
678 670
662 406
16 409
365 809
614 108
460 200
175 390
218 528
101 565
570 690
10 51
311 612
420 744
174 600
772 760
105 83
78 386
546 705
307 120
759 300
103 148
484 448
355 508
634 0
715 248
744 468
390 440
525 427
707 334
776 687
507 100
707 681
556 621
718 40
235 31
108 757
766 628
363 717
202 125
485 367
526 166
551 247
354 73
343 161
684 71
318 261
70 165
685 231
349 274
651 500
112 399
377 484
260 194
615 534
354 677
835 481
107 708
704 634
533 588
139 162
783 403
186 192
391 338
96 327
636 695
779 704
124 631
788 278
805 546
301 331
281 685
109 223
593 299
304 546
477 200
121 306
354 705
185 144
87 708
103 628
775 659
88 654
109 465
738 487
350 717
689 179
246 176
474 352
519 622
581 335
129 152
620 610
755 111
683 58
540 586
474 380
577 779
831 694
54 726
508 413
133 758
198 189
65 570
672 381
358 800
489 384
25 116
424 179
530 508
239 621
802 712
457 284
729 581
135 77
382 316
642 696
456 56
56 767
420 185
560 790
51 411
427 307
775 325
310 329
575 298
446 687
716 108
827 445
808 107
7 757
222 588
321 257
105 495
654 29
13 719
757 637
334 363
432 631
651 189
484 281
200 68
383 470
450 698
432 653
789 411
518 803
834 205
307 615
124 630
372 352
246 648
785 638
91 303
51 458
576 386
585 768
374 253
600 418
249 524
153 516
87 426
374 91
419 323
768 304
551 535
427 461
47 16
577 138
208 312
335 386
617 697
468 727
251 763
433 662
717 762
700 380
166 655
634 792
664 150
330 89
321 724
82 628
294 621
799 634
741 122
195 391
125 545
675 530
57 207
38 752
602 527
195 315
721 363
555 318
11 147
671 772
804 143
701 584
29 324
510 457
413 608
454 627
823 123
368 618
599 506
271 271
53 234
40 373
204 452
230 684
96 284
548 230
272 199
70 765
820 189
526 544
193 14
680 710
471 486
513 41
363 430
50 785
159 473
99 21
140 220
33 284
685 320
591 292
192 300
167 617
441 224
25 46
290 276
814 765
370 28
448 514
182 694
604 96
42 13
450 37
487 610
165 99
264 410
200 811
326 422
86 774
222 533
18 672
270 548
182 544
230 402
829 8
36 301
791 420
753 610
299 123
87 354
774 95
674 401
262 447
795 491
676 229
205 199
438 806
435 496
571 297
450 352
277 753
65 798
311 755
379 604
420 573
236 675
272 694
493 334
273 57
629 521
85 7
259 159
218 440
344 320
559 313
259 616
735 298
520 398
51 767
564 691
528 719
283 768
618 599
243 712
135 86
456 516
614 713
782 694
318 91
530 48
536 659
330 230
23 625
679 167
367 389
292 74
659 381
604 77
260 103
785 396
627 782
362 69
28 561
144 805
48 148
678 417
373 64
218 736
768 35
216 451
465 521
100 505
830 127
472 40
459 131
394 206
278 535
398 352
516 224
106 507
671 557
56 753
702 331
56 495
334 337
383 579
236 17
831 732
96 639
227 162
340 395
550 442
831 645
378 572
106 710
527 603
723 762
438 258
312 188
673 646
222 245
61 142
448 679
432 408
812 619
553 32
188 726
94 703
667 27
144 185
411 511
