6
11 13 10
0 4
1 4
2 4
3 4
4 4
5 4
6 4
7 4
8 4
9 4
10 4
11 13 10
0 4
1 5
2 4
3 5
4 4
5 5
6 4
7 5
8 4
9 5
10 4
11 13 10
0 4
1 5
2 4
3 3
4 4
5 5
6 4
7 3
8 4
9 5
10 4
6 13 10
0 4
2 4
4 4
6 4
8 4
10 4
36 13 10
2 0
6 0
10 0
2 1
6 1
10 1
2 2
6 2
10 2
2 3
6 3
10 3
2 4
6 4
10 4
2 5
6 5
10 5
2 6
6 6
10 6
2 7
6 7
10 7
2 8
6 8
10 8
2 9
6 9
10 9
2 10
6 10
10 10
0 0
4 10
8 0
32 10 25
3 5
4 5
5 5
6 5
7 5
8 5
9 5
10 5
0 10
1 10
2 10
3 10
4 10
5 10
6 10
7 10
3 15
4 15
5 15
6 15
7 15
8 15
9 15
10 15
0 20
1 20
2 20
3 20
4 20
5 20
6 20
7 20
