10
747 43 385
40 77
29 242
17 195
19 136
4 163
6 159
29 28
32 271
36 249
39 233
37 90
26 242
39 33
10 274
11 342
22 351
32 37
41 189
0 187
25 40
4 71
41 153
39 108
14 19
37 67
8 227
26 128
19 237
7 231
11 276
30 141
22 168
36 9
39 25
12 188
17 160
3 103
25 304
41 243
25 128
5 136
17 83
0 330
28 318
18 283
2 310
24 10
18 216
20 341
29 162
9 145
25 348
14 142
6 19
22 203
17 257
41 9
34 164
23 112
2 75
9 250
21 47
25 369
25 173
28 11
9 359
34 164
1 350
41 201
11 199
15 76
22 250
39 302
26 371
2 16
36 369
29 6
20 34
29 185
7 152
12 48
23 298
7 7
2 80
8 191
19 65
38 295
32 245
25 290
4 131
19 291
14 134
31 368
30 124
31 267
2 256
29 294
42 34
27 377
12 15
10 285
35 10
24 343
14 297
33 46
28 114
11 380
8 140
4 254
11 36
7 47
12 343
39 74
25 202
7 52
34 194
1 191
42 92
0 352
27 341
27 324
18 296
6 156
13 187
17 208
23 106
37 129
13 157
21 55
31 161
33 137
23 58
22 65
12 36
10 46
32 45
4 340
7 248
28 284
17 135
0 272
2 308
7 305
23 57
10 384
34 27
8 79
30 24
10 128
25 122
14 385
33 104
39 69
25 63
37 348
1 20
35 1
8 142
38 353
23 173
37 309
0 47
22 232
28 147
5 25
29 41
42 383
34 309
12 59
12 311
9 77
43 202
36 219
19 277
34 50
12 98
32 210
25 308
39 163
19 310
14 285
15 212
40 57
1 240
16 14
13 84
3 57
2 62
36 83
3 355
16 295
7 54
23 212
34 122
18 378
38 124
31 236
21 65
35 364
11 356
12 362
10 362
9 232
8 202
30 269
25 342
2 130
26 243
40 264
40 278
22 250
43 39
40 300
12 340
14 355
36 163
24 256
39 311
34 123
11 310
34 136
42 76
20 168
13 223
17 191
27 249
40 24
1 102
18 339
20 109
13 258
36 201
34 357
22 123
10 92
41 378
22 206
32 109
40 333
36 367
7 285
29 141
18 134
11 140
19 192
1 342
40 27
41 139
20 122
28 38
26 201
26 2
41 44
23 288
12 281
7 77
7 60
38 383
18 353
37 174
13 279
42 170
8 126
37 251
12 131
11 22
22 266
18 192
4 360
34 248
9 309
7 328
6 49
17 70
27 23
38 68
26 267
2 114
29 107
35 255
12 215
11 23
37 139
7 297
23 255
10 315
34 377
1 54
39 143
41 336
26 315
34 306
24 203
38 203
28 346
26 55
9 187
28 108
19 239
39 0
8 125
27 232
19 133
35 104
0 358
8 334
19 350
30 44
35 288
5 370
30 158
13 261
21 9
37 232
32 335
35 302
10 162
34 137
43 381
39 77
9 187
21 255
2 279
5 265
8 52
9 322
38 180
30 170
39 73
32 383
8 195
19 43
38 8
24 159
31 314
13 357
43 262
2 213
18 31
35 230
13 234
40 294
19 256
0 164
26 372
14 298
8 21
29 46
39 28
15 311
6 2
0 17
15 14
27 313
5 216
35 128
38 215
2 39
34 338
24 308
7 312
2 13
3 122
13 201
38 264
22 52
9 354
1 38
20 192
33 27
22 14
19 33
11 30
26 207
20 222
13 253
20 350
38 374
0 271
43 182
36 315
14 309
19 195
1 211
20 258
40 302
34 285
11 7
33 300
43 298
0 344
13 231
4 324
21 286
35 354
18 251
17 208
24 72
0 135
27 352
35 81
14 117
34 164
23 296
20 340
10 160
10 211
17 59
27 116
39 251
34 374
22 259
22 291
15 160
4 120
38 272
17 341
17 128
11 128
28 143
38 84
3 219
13 255
16 337
11 237
36 16
1 264
5 314
13 113
42 48
15 161
10 381
42 269
37 181
20 107
36 372
35 241
15 46
36 43
41 96
19 145
2 344
20 333
40 85
4 307
3 240
4 345
5 144
37 304
7 187
39 209
3 162
14 271
30 121
6 152
31 101
33 221
42 213
16 278
19 121
5 324
13 173
12 156
31 73
36 148
38 45
13 325
13 314
36 361
11 85
43 104
20 317
27 192
18 385
9 335
16 230
36 373
0 64
23 227
5 163
2 11
42 239
16 307
19 107
27 108
4 302
4 324
35 97
39 270
7 162
23 109
14 331
29 302
15 132
22 146
0 358
39 10
15 54
30 325
17 107
41 299
15 206
41 149
33 314
37 346
36 144
40 375
28 59
21 45
9 381
40 379
19 295
28 125
23 214
2 16
23 3
37 290
21 59
41 73
3 32
27 356
23 381
3 213
24 250
2 138
0 10
19 105
10 27
30 107
13 132
6 122
28 385
27 237
10 26
36 324
35 236
30 182
43 199
41 232
33 159
34 147
18 7
5 314
33 321
13 168
20 105
15 96
15 210
5 55
22 150
15 241
18 179
3 177
10 324
37 334
40 285
29 106
13 240
38 220
2 15
4 190
43 239
22 118
17 125
15 246
1 5
5 221
28 85
9 69
25 314
39 13
6 4
11 13
35 99
21 35
29 181
11 128
41 17
18 376
12 257
6 32
16 284
29 7
37 158
16 284
41 371
40 193
31 363
18 234
29 331
35 84
16 0
18 107
11 350
4 106
21 280
14 44
18 337
15 107
38 19
30 143
18 250
10 379
29 48
28 196
43 57
4 119
42 384
5 353
34 217
29 130
15 157
26 236
19 117
41 165
4 241
20 86
5 150
27 279
34 253
21 137
27 316
24 261
24 375
10 223
34 248
23 210
35 365
36 74
42 295
39 124
13 385
24 202
21 235
25 239
15 77
20 360
5 193
43 213
6 355
16 281
1 241
23 183
40 111
43 262
0 57
40 117
30 156
4 152
24 307
15 109
8 328
13 283
13 210
39 209
17 53
12 343
27 101
32 129
2 343
38 179
22 338
32 349
7 122
13 61
42 66
2 266
16 145
16 89
3 167
21 40
22 295
15 75
1 29
5 169
7 103
22 279
29 97
14 56
43 303
23 155
8 179
24 324
16 92
26 185
27 219
16 39
36 115
7 85
7 266
37 24
7 109
43 370
22 160
29 372
17 104
39 7
30 69
2 168
11 306
18 34
7 140
20 213
37 135
33 292
35 60
14 384
37 180
10 322
24 301
34 309
0 341
19 250
25 209
28 132
1 332
27 160
8 133
27 234
26 124
2 283
38 17
35 300
3 155
0 43
37 104
20 369
39 229
19 362
12 211
9 19
22 222
17 136
15 5
32 183
13 71
10 314
24 253
16 123
22 24
30 317
2 78
4 79
22 147
38 198
23 165
0 355
388 798 348
401 138
71 90
229 157
543 160
450 274
288 233
700 91
463 275
589 84
404 33
287 40
631 202
121 122
569 149
83 2
631 47
91 295
116 177
439 123
179 337
632 159
30 299
78 239
626 185
649 340
491 292
201 163
255 198
437 48
594 279
184 236
44 0
168 272
433 190
496 69
212 348
755 112
702 33
412 235
539 230
436 340
76 66
393 223
636 248
670 167
229 131
535 59
168 140
110 212
188 282
90 317
613 317
320 291
555 335
721 27
671 307
526 295
672 77
754 193
790 345
618 58
518 318
169 66
733 4
326 344
401 18
38 26
300 296
569 240
129 49
351 54
525 190
424 285
675 74
585 147
681 44
562 259
272 130
126 279
687 159
642 228
707 45
342 321
77 126
740 83
117 288
683 87
48 42
718 300
203 309
428 247
422 111
162 174
760 134
738 280
580 187
452 278
301 318
373 129
583 271
262 79
446 253
383 339
131 346
256 219
482 196
258 118
713 275
0 7
547 300
38 161
197 255
655 275
325 149
554 127
382 75
648 185
1 84
361 83
372 177
467 195
340 324
797 139
185 160
605 215
413 338
100 154
173 180
623 276
23 292
446 209
233 69
273 155
366 29
368 139
129 95
470 135
438 203
400 226
143 325
394 31
526 277
43 18
126 74
399 342
84 254
232 193
179 151
391 285
17 141
798 291
471 219
293 307
613 255
571 88
576 181
351 102
175 209
41 122
738 319
128 204
324 221
17 260
703 300
563 108
44 80
544 329
70 31
464 24
407 280
479 73
80 136
325 29
103 104
395 87
483 74
540 107
721 244
189 223
642 22
224 288
516 285
242 306
482 14
309 253
781 347
113 310
659 57
793 287
481 46
642 140
589 220
13 320
617 326
14 215
792 80
25 6
682 230
772 332
174 198
294 94
110 23
532 138
359 299
570 50
592 5
683 22
473 149
569 245
574 92
428 29
660 169
591 93
558 157
585 103
522 25
566 107
163 156
279 286
664 226
79 261
140 334
677 12
335 84
581 164
70 273
353 253
340 290
152 301
385 230
670 105
656 156
580 208
575 12
219 228
586 36
573 25
99 231
217 312
736 199
382 300
685 129
577 26
719 9
163 169
667 34
253 146
148 294
383 58
569 55
40 196
577 234
123 270
103 162
312 240
16 265
49 41
469 299
603 273
556 298
372 102
477 175
787 331
497 159
388 330
649 135
462 210
81 302
305 294
602 270
226 129
188 27
196 293
739 45
724 93
442 118
596 135
598 95
585 317
793 61
239 24
441 31
110 25
326 270
708 4
708 59
423 186
86 111
432 220
295 251
360 55
330 63
697 217
580 211
263 317
333 291
732 181
243 131
337 115
135 80
375 52
57 157
618 129
619 272
7 329
284 121
692 98
200 33
419 247
587 308
70 324
223 16
734 32
684 266
76 8
32 266
703 40
289 202
70 151
287 230
64 203
120 323
62 187
61 75
777 59
364 109
769 92
52 95
93 81
653 175
595 263
297 53
613 324
535 185
534 188
437 161
594 69
69 151
717 299
176 149
778 164
582 297
5 193
169 285
247 212
581 15
385 13
219 238
503 132
560 272
778 44
513 267
594 124
107 177
551 296
247 241
500 45
157 272
340 40
280 67
25 129
469 283
778 308
449 287
483 54
559 315
408 199
712 116
533 111
554 205
780 332
492 326
507 94
26 74
651 267
636 38
368 128
289 346
34 301
667 335
786 50
19 8
378 343
275 31
428 226
235 320
508 142
92 46
890 73 976
9 597
53 646
40 38
51 127
72 790
54 946
0 286
34 952
38 157
61 827
36 769
73 320
31 296
31 910
24 33
65 33
42 352
35 132
43 432
50 340
73 599
11 62
8 721
7 316
51 828
31 201
2 280
40 935
57 458
23 445
1 382
71 600
14 636
8 148
23 470
56 270
45 275
0 911
68 303
5 830
53 871
37 707
45 510
45 684
52 491
66 938
38 109
53 630
1 251
14 247
1 222
3 292
41 261
5 449
63 409
59 197
24 291
54 411
25 71
54 725
71 204
13 913
66 205
66 14
31 301
48 655
33 190
57 432
11 129
14 494
50 141
0 320
73 551
48 711
6 261
57 663
31 624
69 257
40 645
69 763
1 467
8 426
50 867
13 587
10 242
41 36
56 273
17 815
21 44
35 925
50 486
39 249
67 168
9 896
51 712
31 260
25 603
65 792
38 47
63 446
9 961
65 150
49 772
24 560
30 470
54 78
55 76
14 568
9 767
60 80
5 127
17 637
12 961
10 179
64 333
55 775
38 587
42 53
10 391
40 677
7 78
26 318
70 38
67 399
20 331
44 331
48 231
34 666
25 900
44 179
51 949
66 507
27 835
7 875
56 130
35 588
24 286
60 818
5 228
5 153
62 130
29 950
67 410
30 510
41 440
12 522
26 145
34 905
17 547
47 708
66 856
71 364
47 638
16 945
66 833
56 381
26 17
46 803
30 471
68 238
54 505
68 802
62 292
16 132
47 35
13 17
50 572
12 13
23 974
54 577
5 36
25 295
26 790
7 936
29 913
10 151
15 891
68 48
32 641
39 523
51 954
53 524
18 333
51 782
50 974
34 639
46 818
43 20
12 534
12 393
60 631
51 845
27 455
58 230
33 551
73 273
32 706
38 556
73 814
48 848
2 677
61 256
24 923
4 628
15 710
56 884
68 68
56 843
34 601
15 120
19 784
55 182
22 669
36 53
42 57
27 729
70 369
50 731
0 739
13 274
26 883
70 769
58 344
72 952
48 211
41 598
5 943
53 464
50 476
26 553
3 375
19 745
45 768
72 538
5 883
18 480
58 404
8 241
22 387
68 716
71 244
19 549
65 74
7 779
65 486
16 39
43 139
68 562
61 763
16 394
33 868
54 414
4 626
15 66
24 804
22 112
0 76
53 736
18 175
11 179
27 306
56 479
40 936
63 309
72 643
50 869
70 80
4 830
48 894
27 220
58 180
27 270
47 926
28 862
22 502
54 263
22 737
24 731
65 286
46 897
70 246
51 942
8 52
45 510
53 194
10 169
3 540
52 109
21 925
73 91
53 58
48 736
67 53
19 448
63 487
56 747
43 115
8 537
66 9
63 70
29 800
39 56
14 680
40 785
1 159
12 34
70 187
33 423
59 216
4 58
52 197
13 915
71 473
51 412
53 24
65 619
18 723
71 144
25 840
2 10
54 762
36 172
53 292
70 668
3 424
66 168
16 942
55 933
56 61
54 332
28 329
0 388
31 650
13 434
13 419
38 924
7 943
0 110
25 649
4 700
48 915
40 717
31 453
55 274
9 974
5 78
37 60
18 857
32 410
29 180
24 692
69 967
46 181
71 850
65 356
4 404
49 920
7 652
22 750
49 389
53 34
4 97
15 866
11 738
32 226
49 607
11 2
44 78
39 697
33 491
20 3
25 825
38 517
31 798
50 383
71 61
17 155
24 967
1 69
37 277
31 147
24 237
35 960
4 788
14 200
61 690
53 154
8 83
53 972
56 440
24 569
37 274
32 593
9 180
53 925
23 436
14 298
32 178
20 921
28 896
52 226
24 282
57 104
26 8
50 203
44 411
40 883
72 908
47 882
63 118
9 46
16 404
16 183
51 105
62 505
26 205
72 566
71 68
61 331
70 704
33 458
45 262
26 302
28 275
7 304
4 516
60 880
19 174
46 458
68 669
2 758
1 651
48 840
12 496
53 729
6 661
27 295
41 508
0 140
31 737
65 655
2 728
64 152
31 123
18 137
49 76
23 623
50 199
58 403
41 613
50 852
27 820
4 243
35 700
42 92
63 239
35 670
41 262
13 826
40 911
2 134
59 815
22 671
54 199
55 665
43 707
47 587
64 643
21 835
33 170
47 760
53 631
67 333
12 231
20 235
68 101
46 109
4 83
45 886
1 877
58 573
35 71
71 114
61 493
29 492
7 833
21 551
64 661
60 336
51 544
33 82
58 420
2 518
73 450
47 264
30 935
1 436
41 45
70 678
16 0
4 679
36 924
40 798
70 93
59 524
10 208
70 239
23 731
58 609
3 662
53 32
19 213
3 129
30 951
44 796
33 478
25 741
30 685
0 512
18 654
52 894
3 144
24 968
4 913
56 557
69 430
18 697
45 14
52 901
51 134
25 873
5 175
58 516
21 157
18 139
21 566
46 629
24 667
6 541
56 176
35 158
54 643
44 728
53 638
57 579
53 329
71 341
37 69
72 320
39 842
2 970
13 449
40 97
23 265
43 676
65 237
35 527
14 646
26 39
7 864
54 35
18 572
23 654
33 713
70 346
15 391
15 488
24 962
22 913
6 702
31 625
48 403
20 843
72 387
12 834
56 2
22 946
44 725
64 694
22 555
11 972
36 335
44 742
60 25
12 504
59 248
20 167
35 716
52 202
66 850
47 855
34 862
57 383
70 405
39 549
11 96
34 862
32 961
11 752
71 262
42 214
44 364
46 640
7 349
70 684
66 834
56 552
69 344
9 286
12 513
40 665
54 337
26 64
4 133
10 786
39 51
66 839
18 338
67 974
18 755
55 387
11 200
67 289
2 831
27 771
7 889
67 455
45 487
30 49
35 291
8 428
70 269
61 169
69 726
71 318
0 780
54 595
16 602
47 26
27 938
63 824
46 735
52 56
32 755
24 278
27 873
23 800
10 474
68 251
21 613
71 206
44 754
41 876
2 187
34 313
46 201
42 931
14 397
66 594
6 570
69 178
48 79
13 110
58 449
20 255
73 409
36 958
24 218
59 498
70 260
56 486
73 906
39 355
0 451
15 434
48 322
18 966
58 548
15 432
38 394
4 561
9 626
36 923
44 877
38 728
71 734
61 101
0 157
39 922
35 883
59 131
20 471
62 629
12 608
24 517
69 250
44 829
25 577
17 222
58 697
14 117
10 145
59 74
5 607
41 843
34 400
28 741
7 52
36 846
71 410
47 164
45 876
50 38
54 269
44 433
56 622
27 377
15 701
55 25
14 472
39 322
26 800
58 177
61 412
8 468
58 820
7 961
29 126
5 675
58 737
3 318
64 159
11 106
20 103
26 147
44 934
16 403
36 488
59 110
20 559
37 223
27 689
64 146
6 684
43 167
1 430
10 761
32 136
70 860
44 477
42 293
43 954
63 669
36 233
58 321
42 314
16 674
67 230
29 319
32 142
72 315
0 449
2 639
60 445
62 304
29 30
22 835
44 705
34 405
38 263
40 233
41 748
31 81
71 750
41 394
14 820
41 942
26 287
24 289
73 82
72 155
50 147
5 507
10 929
56 292
37 139
10 270
34 455
46 822
5 162
40 76
9 881
11 686
59 56
4 856
55 70
65 183
2 958
29 25
44 103
17 81
11 843
41 541
47 635
34 938
35 36
50 736
37 12
36 65
53 899
37 662
22 434
44 142
33 492
14 282
41 940
63 249
15 193
32 85
0 132
18 583
22 539
35 564
12 721
39 99
39 51
55 113
9 41
63 380
33 355
45 86
65 49
8 604
21 82
46 28
11 668
12 316
15 431
72 261
45 465
26 296
39 77
27 480
63 597
68 586
50 546
0 750
52 940
25 771
27 22
72 193
39 888
51 399
36 345
37 973
64 953
48 282
27 180
34 106
70 646
16 687
46 320
65 222
24 770
54 262
13 749
47 960
19 897
63 481
51 521
19 31
24 771
48 485
46 554
67 163
15 239
66 372
3 788
42 320
73 89
35 851
54 515
73 521
10 696
33 633
44 959
6 671
1 911
23 660
19 703
807 295 868
186 782
58 542
242 115
273 193
77 523
149 706
167 298
148 668
286 630
103 306
194 189
221 368
99 322
173 547
70 204
275 6
237 817
13 500
154 664
205 818
10 77
125 597
216 844
162 813
292 835
204 853
2 740
174 190
153 193
173 366
214 680
289 544
95 500
244 720
196 477
88 223
220 36
288 89
0 797
50 616
133 312
90 78
287 113
140 826
219 615
177 733
75 724
198 214
176 192
227 679
107 763
91 384
41 854
76 810
47 87
237 705
189 318
19 583
200 211
230 767
281 23
262 832
185 199
38 682
118 691
245 640
189 526
65 96
29 629
176 453
173 624
160 246
253 232
151 534
146 529
282 401
4 643
96 430
220 122
62 364
8 316
75 110
53 740
236 64
187 694
62 796
41 835
34 103
9 612
157 641
79 649
191 825
199 118
177 396
231 659
69 633
156 55
45 528
189 531
195 455
205 718
48 385
87 585
149 462
173 705
59 180
257 437
144 39
147 132
187 824
170 804
225 57
209 492
47 815
63 337
87 90
107 813
27 450
122 95
98 437
291 306
60 866
16 783
21 458
134 81
53 417
177 162
142 37
157 639
96 389
135 414
1 742
23 86
148 468
109 815
49 143
212 684
260 576
17 206
200 225
2 608
264 334
236 248
269 136
4 383
31 575
157 584
94 737
261 801
133 13
97 402
82 160
195 325
146 845
32 63
173 849
7 843
117 153
252 265
54 690
263 843
109 157
21 4
112 389
150 391
260 713
36 587
165 171
93 321
253 156
265 797
167 636
175 30
29 574
182 238
101 103
72 820
82 799
21 735
280 790
248 751
228 631
195 218
29 543
17 529
125 504
220 864
163 808
280 220
239 349
179 68
123 699
158 293
249 4
112 110
256 866
85 559
157 491
189 590
80 28
276 24
1 287
201 833
12 493
261 769
159 252
200 6
204 17
200 742
242 488
294 815
81 4
94 274
268 863
233 690
2 695
258 584
222 314
72 370
157 763
93 361
189 268
111 258
260 247
254 307
32 143
113 801
240 339
64 673
203 652
168 805
118 789
113 172
102 649
86 174
230 393
183 719
281 483
125 527
119 269
60 625
144 669
73 140
92 345
108 502
42 439
110 186
215 538
13 174
217 61
184 471
287 44
83 276
175 459
30 417
197 769
253 271
71 731
238 738
71 805
164 364
31 389
178 764
105 519
172 406
98 447
282 615
237 359
267 598
278 825
218 257
292 319
33 455
110 101
231 867
25 275
103 862
277 74
112 303
80 406
17 753
153 747
76 55
273 101
18 636
249 379
243 813
20 583
216 41
155 753
119 750
59 851
45 824
111 211
32 678
154 127
178 182
253 222
210 273
206 471
93 411
73 94
212 261
220 783
31 101
188 790
68 407
181 306
193 858
79 200
292 716
178 391
148 362
236 296
269 517
195 705
113 779
11 863
73 217
162 502
119 156
62 301
110 356
205 505
144 706
40 174
29 193
122 191
258 758
48 351
17 416
203 466
23 146
160 526
54 819
104 262
184 162
265 250
218 751
110 445
170 172
14 301
74 764
281 80
6 141
172 640
84 647
58 43
198 279
107 737
252 757
234 784
185 274
243 149
90 501
277 774
113 793
164 198
139 279
31 502
190 290
273 137
91 91
285 442
261 778
254 628
211 470
62 297
108 738
16 61
267 621
164 623
1 621
79 394
190 680
191 481
219 749
63 618
212 379
16 371
53 532
99 115
70 255
173 458
274 439
282 75
292 65
138 316
286 680
42 747
33 766
169 172
210 559
274 199
188 142
207 836
168 281
18 837
75 495
26 241
285 525
108 705
66 594
87 436
72 472
141 56
171 704
165 597
150 179
19 492
242 526
188 156
237 123
258 55
5 130
174 264
104 612
84 854
137 282
34 772
109 765
219 256
93 637
173 154
40 809
190 298
122 267
6 405
96 158
280 139
60 337
200 103
49 533
142 448
264 89
3 281
56 760
165 166
119 550
1 56
234 128
250 88
177 388
28 785
32 114
278 414
275 68
64 533
276 605
22 127
287 43
130 710
152 526
100 44
42 777
238 698
196 35
241 11
257 440
254 550
186 461
94 137
228 193
97 710
269 811
260 653
49 377
115 819
294 82
280 692
221 543
220 505
223 468
7 582
140 53
187 173
11 387
100 623
48 141
255 539
221 12
186 99
122 847
279 454
126 43
160 528
93 378
277 745
154 710
14 465
59 750
229 857
90 530
117 429
38 655
65 335
7 451
241 217
161 63
249 98
95 79
51 722
102 371
18 464
221 636
159 555
41 729
158 785
133 285
174 221
159 473
143 768
99 151
200 94
17 368
60 350
171 400
109 65
47 381
138 144
263 200
61 245
197 374
244 30
103 536
13 340
66 837
238 226
245 384
233 784
0 93
182 780
12 49
53 425
227 535
137 159
96 848
11 375
26 146
135 173
82 686
105 404
9 781
121 354
189 530
228 629
160 564
266 697
215 545
40 623
119 402
149 527
184 318
221 315
24 468
52 307
113 161
62 100
204 52
185 819
250 304
96 787
137 699
190 192
193 449
10 167
216 729
40 813
225 758
27 671
225 777
260 223
237 401
70 592
218 357
51 197
181 701
286 240
21 310
182 38
123 828
39 771
257 60
252 26
148 555
43 756
263 387
225 114
138 13
253 403
62 829
136 192
260 295
170 324
114 25
105 105
250 176
90 252
32 722
5 186
230 135
162 33
256 632
9 472
290 13
62 625
79 635
205 635
228 409
230 275
40 61
92 867
287 387
13 474
133 557
108 259
67 763
168 376
170 468
29 332
247 14
29 455
193 65
275 290
122 789
75 40
56 526
261 218
254 318
271 734
293 514
262 280
161 865
195 95
119 215
104 526
123 545
6 458
272 811
49 666
2 24
164 292
100 774
209 175
12 363
254 680
171 194
81 446
259 776
272 684
12 129
58 800
118 62
259 866
153 717
96 315
240 80
21 3
102 697
112 239
119 247
227 229
291 170
135 661
96 377
242 199
192 846
147 341
172 519
212 43
26 161
88 688
281 96
23 257
243 29
105 145
206 126
165 298
152 630
264 373
20 146
60 674
22 282
35 162
125 65
223 328
164 143
129 48
228 868
236 193
288 381
146 754
185 293
112 803
220 723
289 222
195 459
261 124
68 174
20 702
153 521
152 45
67 758
75 484
43 428
79 814
165 596
242 448
145 44
0 524
138 270
22 348
151 354
63 182
188 789
221 796
230 206
67 686
263 96
201 12
261 139
150 465
18 238
89 785
58 457
41 629
82 767
42 168
251 611
61 810
92 845
189 132
167 291
132 727
206 701
249 42
125 277
206 287
7 582
212 826
88 223
166 477
125 725
212 404
217 606
127 158
67 663
143 764
180 689
273 52
120 73
166 73
138 183
294 446
275 592
211 515
271 570
45 97
193 798
284 53
138 7
31 248
40 531
48 785
58 346
119 33
60 512
33 350
265 495
249 620
145 779
215 613
150 839
229 67
126 372
66 15
237 361
78 210
176 436
107 853
56 543
22 362
24 572
219 462
286 668
46 445
241 480
263 220
130 60
46 379
22 437
130 841
114 686
145 431
239 337
37 197
287 12
19 199
218 432
208 811
115 455
151 390
28 606
59 546
219 58
23 259
122 59
862 685 571
398 435
643 427
450 476
184 476
615 361
142 198
531 231
322 288
64 530
622 241
314 182
209 524
466 250
530 195
127 491
299 106
64 362
383 102
546 123
122 110
592 557
28 481
562 30
595 58
353 165
114 543
626 157
403 418
527 421
143 411
332 143
59 98
13 454
39 176
137 159
414 489
676 546
480 312
357 24
493 518
485 75
69 489
494 364
209 19
33 329
304 530
110 351
140 381
619 185
61 214
155 223
363 441
482 506
12 155
362 529
677 99
240 542
401 216
532 304
383 523
527 70
309 509
179 466
575 59
443 256
683 400
426 381
308 58
333 428
189 249
639 266
420 345
490 317
491 522
310 200
279 39
254 335
603 72
603 248
611 284
442 380
87 388
97 335
468 480
279 39
3 528
401 458
239 493
123 242
105 181
46 321
399 93
538 174
549 265
122 248
193 330
646 42
125 198
675 545
52 520
565 240
314 294
44 157
50 281
161 63
165 246
104 112
323 420
444 480
225 112
474 43
258 188
13 541
306 439
291 469
85 504
229 268
264 215
267 394
4 253
34 363
451 222
297 242
345 141
88 112
185 282
553 76
124 217
391 261
384 512
354 447
666 247
433 51
420 545
123 362
258 283
158 105
110 9
361 529
75 449
153 332
575 201
518 9
402 406
444 454
470 404
383 195
509 449
74 517
210 71
232 28
169 414
55 265
659 408
298 526
429 243
123 420
36 75
581 242
179 104
102 232
266 430
479 540
431 29
147 109
564 197
673 431
583 222
140 439
272 274
169 319
18 60
147 342
498 548
57 569
632 89
19 541
23 12
117 206
179 374
223 118
22 428
605 15
66 54
40 112
312 204
167 250
316 550
635 352
607 534
370 11
229 555
330 523
452 441
271 37
526 473
253 196
269 109
31 384
47 22
488 467
96 332
254 466
98 143
541 265
23 1
137 108
178 209
505 552
479 217
140 251
586 125
431 423
630 62
319 373
348 160
601 286
592 391
421 206
186 380
274 19
315 129
461 365
442 187
2 345
622 292
368 474
349 471
505 56
140 537
535 570
511 78
497 21
683 418
671 383
322 79
392 11
234 506
8 475
13 78
40 477
652 249
285 192
336 108
424 38
57 33
529 174
102 274
113 533
386 375
283 298
608 151
223 19
657 41
212 182
56 146
433 466
475 442
402 496
637 286
166 28
228 547
391 384
413 374
679 321
167 70
385 560
80 308
311 283
404 453
536 470
339 529
296 375
130 403
255 355
403 237
589 365
245 14
89 438
363 475
336 494
609 187
684 171
644 441
555 250
146 325
636 326
502 464
179 86
509 380
527 365
669 229
422 234
539 312
15 12
159 241
561 140
636 369
586 304
433 171
84 537
238 106
629 182
281 348
501 246
370 90
581 178
587 174
396 539
644 489
221 81
326 438
13 515
220 509
685 427
182 230
110 556
118 40
39 311
676 388
568 545
10 1
279 202
595 539
603 41
215 100
234 543
485 296
632 131
411 162
236 270
30 330
578 132
214 373
612 187
35 382
130 48
521 263
208 511
462 371
548 67
513 31
347 390
595 501
145 512
239 483
42 459
542 441
482 40
366 392
525 408
30 315
262 537
442 110
546 165
409 385
24 356
320 223
363 147
665 100
363 220
18 274
552 254
155 56
194 361
570 450
51 30
67 81
279 152
597 424
543 76
363 501
121 57
253 12
40 306
120 243
264 100
623 14
512 64
42 29
428 494
555 27
340 52
357 496
10 276
324 473
153 537
435 166
248 556
572 178
484 266
255 196
645 343
443 125
349 233
56 237
476 13
135 84
112 350
314 222
574 284
676 359
203 503
565 223
241 107
553 157
272 227
351 145
130 492
266 357
408 377
135 286
498 240
578 432
576 331
297 24
409 159
70 269
526 313
442 553
465 274
370 175
683 419
96 451
644 566
170 470
499 211
128 166
139 506
50 445
41 61
308 261
198 258
442 286
391 402
619 348
508 333
35 557
153 247
446 497
308 53
291 17
486 555
247 96
253 186
33 135
209 415
560 420
533 330
510 29
78 354
223 217
561 305
220 248
204 43
639 222
162 568
448 288
227 399
402 445
557 330
590 189
341 380
303 203
344 123
242 274
385 13
573 545
538 98
539 299
589 395
133 189
301 141
277 323
155 266
388 506
244 180
607 125
320 112
588 102
166 536
650 117
424 272
126 272
460 288
583 487
287 473
678 454
176 533
681 535
77 377
172 203
239 545
35 497
568 85
351 322
582 380
599 4
232 506
160 402
520 252
183 309
589 373
273 171
258 349
225 538
466 9
471 68
54 474
393 44
8 569
234 562
439 186
474 409
2 222
491 318
506 508
457 31
413 174
553 23
127 290
571 82
53 111
428 257
427 119
294 525
8 48
339 445
240 461
682 330
576 473
578 14
39 83
620 98
208 177
2 185
393 39
57 194
58 369
117 116
621 133
485 9
504 537
641 392
80 117
115 538
439 203
617 380
171 551
495 497
166 553
528 27
198 354
569 147
635 52
307 44
662 284
78 296
495 437
352 104
234 219
110 549
39 3
280 90
156 241
153 90
400 101
195 218
395 314
669 559
329 8
479 481
647 13
599 494
404 297
596 433
47 49
440 344
312 172
546 11
623 401
355 15
508 195
64 338
193 551
127 256
152 308
641 233
292 346
383 200
384 134
213 565
129 400
81 235
252 151
474 366
204 300
341 458
9 19
58 408
267 525
289 511
606 210
96 560
363 303
472 9
337 202
56 24
468 291
472 6
328 482
288 374
404 158
372 109
599 461
430 152
430 539
413 80
527 239
376 114
117 233
515 360
663 77
49 441
272 73
543 190
345 200
260 146
90 229
541 511
442 129
248 508
132 135
351 250
299 61
678 298
454 464
684 133
207 447
254 314
382 402
208 456
258 473
606 364
480 237
415 200
311 323
672 463
453 105
231 238
629 482
296 413
546 26
643 319
156 525
111 398
573 542
144 337
167 264
307 501
90 385
447 273
514 217
408 23
585 258
597 418
428 201
53 494
316 234
605 106
472 279
574 471
165 191
319 48
97 366
107 337
477 82
152 292
365 155
587 2
329 553
356 509
84 108
609 386
670 52
436 458
373 401
630 532
608 23
684 451
453 533
21 521
473 231
551 295
112 532
417 179
329 122
326 76
312 499
378 500
592 335
567 287
268 149
132 160
338 208
273 513
486 208
600 165
532 107
676 182
296 162
650 533
560 430
603 466
354 428
46 338
489 185
539 307
252 277
75 482
616 458
510 60
21 290
503 463
18 90
325 418
30 411
503 488
394 369
340 56
95 180
322 368
128 447
219 128
661 546
535 43
456 439
135 479
597 304
158 531
260 444
57 26
337 161
8 553
110 324
107 159
299 407
353 299
419 34
371 388
430 418
299 416
393 486
492 443
636 122
48 565
12 184
315 254
231 534
645 279
236 249
360 195
310 345
526 319
599 278
437 363
246 542
357 410
298 531
509 79
378 63
274 28
663 67
304 568
477 470
363 292
581 93
127 183
314 338
249 221
680 42
634 168
115 196
444 445
33 215
476 165
389 548
366 502
468 428
639 49
498 154
101 449
168 185
599 90
11 540
88 567
662 276
495 571
592 98
69 556
335 325
165 20
424 319
219 322
330 402
279 502
52 93
100 208
424 393
517 229
239 15
4 323
205 315
121 144
567 148
302 155
549 253
505 179
127 54
57 153
24 277
413 417
532 415
547 52
340 328
269 549
111 457
359 15
586 28
679 42
234 239
249 29
576 300
385 469
607 114
538 215
157 86
272 141
343 66
87 118
326 450
141 118
443 372
569 536
544 244
376 528
671 131
190 355
507 171
643 190
395 255
624 33
325 418
620 223
158 320
231 283
192 388
51 534
437 510
544 541
60 432
638 21
336 449 45
246 17
11 43
236 45
43 9
366 3
360 11
44 8
272 3
152 29
96 24
446 40
330 41
392 36
233 9
151 25
397 18
154 43
11 43
190 24
342 34
3 28
430 31
398 36
308 11
211 26
437 9
412 18
285 38
36 16
157 26
352 13
292 26
220 1
447 40
11 24
118 0
246 16
114 37
403 2
400 14
429 31
26 43
359 17
348 6
431 25
238 17
316 24
442 36
435 15
98 38
35 1
62 40
315 6
79 12
253 27
87 38
70 45
225 10
78 7
30 43
283 42
47 19
400 7
288 33
184 28
35 4
205 5
104 41
378 17
443 15
316 28
15 4
245 24
20 37
18 30
37 19
422 44
52 34
279 30
411 15
381 40
285 30
146 5
259 0
174 21
307 20
333 10
29 25
216 33
106 14
204 45
137 32
383 14
151 36
184 36
278 45
213 13
252 19
53 3
35 35
314 22
320 22
266 29
431 8
104 17
319 22
335 44
87 2
196 18
31 45
4 33
98 33
24 28
178 19
412 7
409 4
157 13
128 3
282 27
110 40
249 23
297 4
435 14
4 28
276 39
217 34
448 25
152 21
216 16
152 34
146 37
160 1
442 13
381 28
0 11
315 21
72 34
435 3
200 20
291 28
77 6
410 28
426 32
151 34
45 37
24 21
17 2
148 21
75 15
336 44
172 21
429 8
17 39
354 5
59 37
347 20
358 43
316 24
22 45
128 27
373 28
310 8
440 12
1 40
140 27
298 2
244 5
211 45
346 11
132 45
362 31
196 34
43 16
206 7
184 12
184 1
140 24
203 19
104 32
353 12
196 39
211 4
80 14
356 31
139 2
36 9
172 44
426 5
399 44
332 19
119 34
396 45
162 17
96 36
405 19
113 5
252 0
194 45
348 2
362 27
190 2
244 20
233 22
231 4
403 25
419 26
231 31
37 7
64 32
262 45
133 35
223 12
353 3
321 43
119 29
444 37
181 2
326 20
9 25
198 40
325 35
190 6
134 33
154 22
361 6
270 19
445 15
85 18
62 24
253 5
241 33
144 32
35 2
41 8
232 25
110 27
61 16
265 29
130 35
48 17
437 16
190 18
413 3
434 31
335 5
310 34
86 26
203 16
129 16
270 5
189 21
122 44
335 1
100 29
11 28
109 20
68 25
85 17
229 23
108 4
359 38
293 3
76 2
221 35
394 38
220 1
77 14
436 44
384 28
30 41
286 17
445 42
40 2
385 13
202 9
384 43
63 5
158 7
325 14
449 13
76 31
402 13
216 8
167 10
76 27
199 40
388 14
266 29
379 43
300 31
348 8
294 1
63 16
205 8
36 6
259 30
77 30
369 31
254 3
97 23
388 40
347 23
145 42
410 14
19 42
257 40
149 9
433 12
207 44
255 4
46 36
62 30
380 20
417 7
173 45
222 1
15 35
144 36
335 18
286 19
19 37
377 20
246 2
34 20
203 1
404 45
406 0
373 6
50 39
227 37
112 31
41 19
119 5
288 6
342 2
13 33
273 191 884
2 293
73 676
32 184
184 107
125 264
191 100
131 108
31 837
184 672
170 647
183 298
39 0
95 189
79 662
86 846
125 838
63 575
19 179
120 569
10 546
8 691
130 75
91 651
141 704
38 230
65 719
124 464
131 845
126 710
46 188
65 395
109 752
115 426
31 844
11 159
32 771
179 805
160 765
68 700
162 665
100 879
71 54
75 873
60 766
158 464
94 311
23 750
95 771
75 51
53 229
103 4
43 715
183 788
41 323
184 123
101 129
46 257
124 229
56 737
131 770
164 7
181 829
109 201
5 164
82 214
144 828
15 335
20 681
134 197
130 495
72 589
154 91
84 288
47 33
143 431
98 110
85 114
46 849
43 423
123 221
173 175
183 336
6 651
131 575
8 792
138 110
172 290
6 285
123 348
141 719
104 64
126 871
71 538
128 148
96 791
112 368
7 188
10 419
50 492
90 629
82 834
10 549
9 767
63 646
6 95
142 837
189 79
44 164
57 602
55 349
103 336
166 417
15 191
60 133
189 774
60 736
58 617
14 617
23 177
135 557
90 686
12 258
34 276
28 152
164 216
180 328
187 161
186 731
11 352
141 690
140 741
88 618
144 769
10 627
116 556
5 873
103 636
38 777
9 324
101 732
21 373
185 35
117 576
92 713
169 572
137 111
114 2
187 556
72 734
107 660
23 251
139 244
66 723
136 742
115 8
57 356
72 420
25 742
165 811
189 154
94 31
131 581
105 648
148 804
4 31
46 558
111 344
25 112
42 766
61 883
16 214
165 97
40 573
149 745
52 351
27 825
25 818
36 415
156 254
116 733
183 742
59 567
91 863
24 37
55 304
98 287
75 389
31 94
134 877
0 577
70 334
14 553
121 692
98 502
170 245
118 173
120 411
135 130
134 189
152 787
116 29
132 665
2 400
178 496
87 194
3 563
13 186
190 449
3 141
92 593
55 72
142 143
67 449
131 527
117 268
135 786
22 619
41 544
111 95
96 181
142 883
37 645
181 456
162 717
3 815
38 638
144 307
170 140
139 883
94 163
72 211
106 218
177 458
54 446
176 745
40 669
123 852
154 581
48 120
41 847
123 839
46 592
133 325
96 671
5 341
16 243
163 726
172 864
15 166
182 506
57 706
189 250
43 201
37 211
21 187
78 25
94 601
92 768
84 291
179 18
122 158
103 839
63 551
179 837
181 358
141 225
71 229
163 679
34 249
141 578
23 717
136 232
24 163
162 885 546
66 192
523 134
127 60
399 44
12 331
331 92
296 20
544 432
186 252
885 484
829 147
683 505
549 495
241 272
126 166
806 306
661 157
621 291
155 141
94 227
178 454
721 385
536 92
599 388
580 235
371 218
160 75
321 188
19 384
194 478
15 313
832 486
167 256
187 264
309 81
98 447
810 450
178 462
416 133
399 339
592 145
634 327
546 248
575 368
733 429
319 151
493 114
642 304
440 320
198 345
719 90
845 451
725 46
320 50
625 248
859 125
211 400
198 190
779 421
45 249
265 435
98 75
238 5
634 497
785 525
151 304
738 117
478 123
844 90
440 468
631 77
28 308
237 14
816 156
216 87
758 316
834 320
848 164
420 348
82 227
543 533
154 456
445 255
580 453
153 329
594 261
258 483
843 461
65 36
626 448
357 537
371 285
178 187
594 212
537 140
526 377
517 1
198 354
35 505
582 179
623 150
582 271
130 524
99 98
35 318
85 262
440 342
799 196
397 512
825 32
400 426
737 294
753 335
211 261
539 423
586 219
300 395
374 174
429 254
728 448
806 335
566 458
485 288
587 112
204 156
538 420
207 193
738 39
542 330
471 398
73 317
573 295
453 76
20 53
534 196
171 418
777 242
423 176
826 76
866 298
752 9
850 329
124 339
148 245
868 184
77 453
791 229
531 182
712 187
65 151
515 314
32 491
583 537
782 116
682 532
769 299
496 100
622 321
652 451
9 139
111 240
792 167
77 220 92
112 25
114 35
188 66
83 56
198 78
85 69
162 22
170 67
153 66
92 3
25 32
15 37
90 9
150 6
75 46
78 90
149 18
131 90
167 11
43 22
181 78
183 6
135 75
37 91
113 35
77 68
182 7
162 86
190 39
37 76
200 34
11 60
52 11
210 40
195 15
16 12
32 60
21 4
76 89
71 88
153 1
200 6
113 73
38 22
104 86
219 5
156 75
177 78
211 29
79 11
163 85
212 42
167 39
200 91
35 45
84 67
71 54
83 50
76 68
138 47
162 73
7 90
111 25
177 46
94 4
158 3
3 78
197 43
126 89
158 58
5 32
130 84
177 10
4 23
78 18
84 45
23 29
301 108 82
93 69
35 2
98 39
88 57
40 75
87 79
36 50
4 26
47 80
4 74
31 78
48 58
48 34
79 68
49 42
101 71
70 46
107 52
66 20
93 48
39 30
44 22
108 35
45 82
103 82
35 54
47 18
45 34
76 55
75 31
5 54
83 52
3 9
61 25
76 50
100 51
24 34
24 1
101 45
104 19
27 78
29 45
38 22
78 68
14 26
73 18
19 39
21 21
37 11
17 5
52 37
61 64
44 53
8 61
63 67
57 67
67 77
72 78
69 32
35 20
10 6
28 59
64 28
87 18
56 46
47 20
4 2
93 75
102 74
27 78
29 57
54 43
62 14
0 72
76 24
13 31
52 51
24 80
16 7
50 36
15 44
89 57
4 64
102 25
99 26
70 36
105 8
6 55
67 37
5 79
59 60
45 13
95 38
43 27
106 31
0 22
98 43
49 44
71 52
8 6
80 16
98 2
36 39
77 54
2 25
45 58
27 80
80 36
85 7
49 1
32 47
3 36
48 26
32 40
3 74
106 0
43 6
102 38
0 66
73 44
62 62
98 16
42 14
10 15
9 32
9 66
17 49
63 12
99 24
1 77
60 19
2 28
19 3
74 76
83 79
39 0
99 64
16 42
22 68
67 23
103 0
73 20
15 30
2 44
47 6
16 75
35 43
9 57
47 7
91 39
64 11
58 72
83 59
11 74
26 11
45 68
80 27
49 66
87 45
9 31
71 73
40 2
94 47
69 2
75 33
54 64
15 1
101 40
4 4
4 24
99 54
51 33
93 22
91 59
76 48
5 44
50 37
69 80
20 26
84 62
7 41
34 23
68 17
29 22
64 20
10 43
8 62
33 74
86 17
80 71
23 64
108 29
56 82
33 26
24 25
97 1
55 49
70 31
84 14
103 10
58 23
2 29
83 54
92 7
67 77
39 59
57 31
88 0
33 34
98 58
37 32
105 52
17 6
32 70
91 60
49 58
49 58
15 8
86 28
9 23
80 14
59 3
105 10
33 81
67 34
86 29
16 35
13 71
56 2
60 68
90 62
97 71
51 53
87 69
19 12
106 26
37 11
36 74
2 37
79 74
16 48
99 57
46 19
100 47
66 24
49 9
52 81
2 41
75 77
57 56
95 40
10 35
19 30
73 82
40 21
16 58
7 11
105 75
27 81
63 58
74 81
49 28
75 68
29 54
66 20
44 74
50 31
92 37
25 61
16 51
24 27
12 74
39 61
101 72
47 32
68 4
2 39
30 32
93 25
27 7
71 38
11 31
50 31
7 50
68 22
31 12
73 47
15 8
85 76
87 5
6 54
53 61
88 45
85 38
68 17
49 39
108 49
60 44
55 60
15 7
107 29
