10
447 794 262
385 242
235 257
2 219
205 232
555 26
700 228
95 170
271 112
399 152
475 105
438 170
734 253
270 181
63 205
338 44
34 238
357 163
287 160
467 195
270 124
563 137
667 74
446 262
423 40
138 36
571 164
310 0
444 141
647 205
508 45
616 228
681 256
579 219
306 213
434 2
245 75
52 146
394 150
590 72
317 18
688 38
605 36
370 39
550 169
529 243
181 197
10 217
64 40
8 80
608 44
480 48
178 170
272 251
565 43
362 213
96 153
742 209
225 239
723 86
75 196
10 79
575 257
90 57
144 190
776 8
308 168
346 57
528 216
31 116
220 72
153 41
415 4
785 134
747 203
154 108
142 252
612 250
514 221
329 1
569 131
712 68
306 31
336 95
416 154
667 245
761 228
719 155
454 240
789 213
394 213
763 20
642 229
227 169
256 0
554 38
401 146
441 151
269 215
48 163
118 161
293 35
507 134
0 79
694 200
108 258
473 53
35 72
657 251
216 172
353 133
477 120
775 20
201 194
669 221
701 44
732 205
405 212
417 236
146 155
497 40
376 43
97 149
29 79
208 77
407 126
549 182
288 210
776 221
546 140
506 202
409 2
652 212
656 204
754 225
124 78
28 230
398 61
214 203
414 236
440 129
751 194
679 33
492 199
267 248
282 137
696 226
423 52
244 73
362 98
620 73
427 20
289 1
307 122
226 222
692 187
516 144
628 85
426 208
594 152
336 97
673 101
539 148
325 218
119 130
754 239
476 196
126 209
185 77
240 104
127 129
611 90
553 96
577 171
304 179
412 235
224 52
412 39
125 193
286 141
164 31
517 229
166 113
144 144
49 209
296 193
289 260
587 53
92 162
560 117
746 5
242 75
235 130
473 241
130 93
701 121
538 220
469 72
39 229
28 227
203 185
32 217
767 145
73 241
193 232
460 106
579 168
649 14
95 0
709 96
58 78
288 183
12 253
273 71
343 192
702 115
161 160
573 245
325 77
759 69
253 38
197 249
661 61
618 225
145 222
516 120
121 224
4 38
301 16
746 171
347 111
725 8
359 76
175 16
356 213
175 182
97 228
413 161
190 134
254 53
536 148
538 96
314 196
790 45
354 227
231 106
367 206
743 50
433 104
383 155
29 101
137 255
464 208
419 58
553 260
194 139
183 4
719 239
14 90
646 116
429 220
604 78
573 74
262 182
443 161
534 182
176 114
133 49
193 65
267 105
198 202
247 191
728 199
412 110
653 188
645 29
113 187
618 29
773 219
432 126
498 252
195 83
48 203
55 146
648 205
755 34
551 215
762 54
146 113
199 127
177 111
621 150
37 248
511 246
63 112
533 25
319 121
209 188
29 223
143 33
353 26
263 13
78 259
362 97
145 214
790 130
145 101
147 64
594 181
760 11
11 140
192 114
199 127
232 26
432 95
673 218
478 93
662 66
701 1
547 164
791 108
703 245
693 16
90 16
713 77
123 210
89 46
588 164
483 101
284 209
167 217
439 21
632 99
736 103
536 234
357 36
566 2
207 25
87 48
491 198
450 51
263 45
696 207
594 219
644 120
600 191
574 33
197 105
552 19
718 215
161 195
360 69
80 253
164 199
399 102
735 129
242 0
127 200
27 104
624 219
339 25
223 19
674 79
298 173
92 35
259 89
268 98
186 131
720 219
283 110
773 169
475 179
755 117
692 97
297 256
194 148
156 183
522 60
371 257
1 97
13 80
717 209
180 65
397 232
788 111
759 63
437 22
520 187
15 79
715 80
706 57
153 74
65 99
199 222
235 72
666 89
789 226
298 50
232 95
46 15
677 82
293 207
780 41
484 226
765 118
79 159
285 254
278 118
442 88
553 167
211 100
694 32
781 257
146 57
193 68
772 262
300 117
162 220
56 41
614 245
23 226
470 38
459 95
426 28
760 200
552 47
376 137
382 66
744 128
347 186
256 162
780 49
595 96
375 158
560 189
678 246
654 2
426 72
636 145
192 1
8 261
779 86
729 110
514 232
429 242
588 154
392 28
542 140
35 778 374
305 106
530 280
659 118
107 66
417 35
461 14
472 140
68 225
586 221
533 55
614 274
112 157
614 203
539 77
29 319
247 258
631 228
532 165
429 208
361 344
231 302
311 219
762 363
554 103
361 13
148 356
735 193
514 217
255 283
729 110
60 97
420 232
649 111
98 275
487 231
847 666 761
42 603
94 347
252 136
561 125
40 401
234 442
97 457
297 362
208 626
487 661
506 379
3 673
241 424
494 442
162 316
240 707
403 26
472 159
128 760
91 730
448 495
164 113
44 685
594 202
476 350
264 550
63 506
176 104
366 652
50 748
570 475
289 340
625 215
76 648
17 14
36 605
273 256
125 692
219 416
352 721
25 217
568 717
440 194
616 121
304 597
224 275
514 30
296 35
164 336
339 442
321 530
428 98
357 234
26 204
388 144
162 646
327 650
282 314
364 660
20 150
454 534
657 28
538 262
330 31
216 739
441 188
160 751
21 531
537 299
651 111
426 114
228 35
657 588
192 76
298 7
136 204
238 644
168 336
637 288
369 735
283 71
280 2
570 424
517 276
131 483
256 388
428 375
425 591
109 757
110 680
612 116
498 543
598 339
517 126
499 469
536 114
363 245
115 593
232 633
45 614
248 488
478 182
566 656
433 287
635 663
197 653
347 320
97 7
28 544
185 516
391 218
423 14
427 738
135 355
285 707
356 195
38 448
547 511
628 365
394 232
638 234
67 276
177 551
378 444
335 402
71 569
174 51
372 305
371 420
594 622
469 106
527 13
8 416
226 119
502 561
347 271
326 460
348 572
135 53
47 558
179 438
87 289
393 178
512 501
305 493
310 179
280 408
395 368
135 717
39 67
133 61
443 525
357 115
77 0
408 583
520 600
466 154
55 732
405 715
290 146
120 63
598 268
552 517
471 519
505 345
214 202
11 154
212 166
338 302
418 414
413 710
448 366
216 373
628 411
184 38
445 2
190 120
262 558
36 120
319 332
358 123
294 111
80 501
294 522
352 428
279 148
97 420
91 463
568 80
49 349
85 662
613 213
428 598
350 642
56 316
120 422
92 740
116 700
477 41
147 504
13 627
265 68
267 396
649 308
632 619
477 587
83 231
549 532
414 39
533 15
15 617
442 16
181 193
503 304
526 407
601 688
634 690
432 550
112 501
627 31
226 746
576 108
419 649
379 258
472 282
193 266
13 695
595 725
308 221
634 353
640 306
488 130
325 257
623 543
448 7
296 355
136 415
542 182
665 333
502 220
504 705
515 737
445 761
493 4
657 207
477 78
585 629
351 740
333 111
462 121
6 326
347 101
297 161
254 273
481 715
547 323
565 202
617 535
396 230
653 405
460 127
573 180
544 676
627 110
347 665
549 135
70 683
52 201
232 503
1 560
176 190
146 344
501 413
642 578
320 649
174 310
649 689
496 754
562 633
294 612
435 310
152 758
187 197
212 306
515 655
247 386
319 219
323 453
270 79
607 505
483 475
484 727
419 535
106 228
103 44
114 173
134 48
158 587
252 358
521 176
141 220
349 312
275 516
394 301
84 264
249 553
230 97
371 381
604 460
77 262
211 672
359 89
239 597
447 197
2 30
372 429
627 158
384 682
507 736
562 499
3 266
273 209
435 31
663 218
12 421
636 226
489 146
350 283
628 214
333 166
657 83
331 486
317 559
634 138
384 620
306 757
232 151
401 471
113 16
597 658
27 392
574 761
9 421
358 511
612 0
158 101
63 496
110 318
318 216
94 41
164 316
203 182
312 232
621 634
115 558
109 678
231 636
440 719
54 198
659 153
156 376
159 274
644 56
380 388
128 271
555 331
208 458
246 285
477 390
61 169
308 679
517 366
634 0
561 78
422 22
245 389
485 470
579 501
455 478
316 21
325 548
209 566
520 97
168 165
212 238
38 657
404 419
173 700
178 577
617 610
403 224
294 227
381 130
241 443
280 77
86 595
319 47
29 100
531 481
508 615
208 591
377 97
658 2
541 652
176 37
552 416
24 737
357 178
166 602
576 706
270 323
385 535
515 169
100 507
617 115
13 593
45 93
551 177
274 718
654 666
30 559
143 247
275 186
461 624
438 276
446 689
589 345
412 200
360 321
374 388
234 291
25 373
334 147
321 472
116 610
397 89
405 681
425 172
599 745
236 123
370 602
635 89
404 505
511 677
230 227
631 485
386 514
82 133
346 631
444 749
269 211
166 118
272 389
468 219
149 317
131 624
277 385
593 327
485 233
559 169
213 529
519 209
293 734
435 165
562 185
216 306
610 213
171 511
88 706
644 198
234 303
313 403
214 758
83 30
235 195
529 681
56 75
162 236
540 462
328 644
366 537
599 266
484 604
83 568
299 729
366 32
174 56
160 172
476 387
202 265
443 394
50 529
227 297
188 510
143 388
92 629
617 572
600 136
575 124
563 192
525 700
79 346
56 643
202 31
483 714
134 73
249 466
540 46
396 597
357 753
134 178
387 371
254 738
76 394
561 434
375 185
16 33
232 359
27 288
162 184
619 672
550 579
480 90
235 369
42 412
87 133
156 204
486 571
351 233
354 273
92 20
445 270
517 220
629 723
2 242
611 733
420 386
381 520
32 397
448 386
323 465
476 630
123 237
5 63
414 634
277 368
646 25
397 701
290 497
154 730
41 37
472 114
373 473
33 130
583 747
38 148
130 249
501 333
590 447
508 194
646 725
625 204
622 430
459 218
272 35
95 128
492 117
555 480
534 99
386 699
626 348
472 518
52 93
566 313
593 486
536 89
307 292
312 422
407 421
508 102
275 57
106 513
285 457
80 3
583 63
160 633
447 1
189 230
52 463
31 618
278 273
551 620
620 224
181 509
524 160
154 332
182 64
457 384
255 299
401 316
561 312
272 758
308 560
398 392
107 754
339 440
554 187
304 52
200 580
425 294
64 396
414 179
172 695
495 220
298 182
157 579
347 699
91 30
447 25
349 751
475 664
54 267
25 712
427 492
624 103
506 492
321 635
49 190
238 466
479 23
330 160
62 356
179 400
447 586
199 32
519 427
598 227
152 15
46 235
629 692
322 523
249 60
503 316
27 195
399 636
168 652
256 43
521 123
165 618
176 99
211 507
378 576
159 442
546 142
666 328
434 238
533 478
522 478
315 525
225 45
170 106
334 434
405 167
419 585
46 498
50 657
404 440
623 208
515 284
551 19
567 406
393 685
334 533
584 147
578 298
478 696
316 113
65 546
557 149
407 279
417 283
417 120
666 629
499 65
432 662
585 755
258 318
322 413
340 310
356 378
386 737
114 243
536 665
539 352
444 388
143 683
517 43
573 616
490 354
587 53
346 741
368 537
598 717
311 379
44 741
304 96
616 300
24 35
155 350
26 232
399 257
351 631
287 187
322 195
220 380
147 19
528 279
284 657
97 737
288 483
378 270
129 654
568 140
594 750
273 307
438 450
348 373
478 86
604 26
527 325
156 522
280 4
305 114
34 265
274 166
324 27
472 558
94 221
388 593
211 419
423 421
448 694
553 419
521 570
174 292
204 82
170 461
130 83
162 731
658 657
44 327
646 557
108 588
3 51
543 210
48 550
645 570
185 648
538 486
135 664
201 581
157 61
604 62
185 86
452 477
318 152
274 641
569 157
152 709
435 110
568 663
551 19
95 365
192 690
332 362
459 98
224 577
244 454
461 287
43 655
163 505
523 44
439 746
376 82
112 386
619 81
410 75
341 750
130 6
252 522
195 500
111 541
442 9
362 177
117 3
40 299
547 108
275 123
103 521
468 16
578 390
10 424
39 190
607 135
442 320
413 556
17 507
171 366
436 561
30 43
53 605
616 303
639 661
258 28
657 616
72 557
262 134
3 701
215 631
475 521
359 724
409 248
303 636
394 216
451 387
408 222
275 585
219 166
362 182
548 135
94 230
35 272
484 150
662 690
206 270
246 193
250 741
500 693
349 277
407 281
208 398
195 116
286 259
512 690
6 468
116 462
128 747
298 731 252
348 109
709 186
515 140
636 240
717 18
208 188
219 67
0 200
295 108
259 228
1 232
234 203
608 208
108 212
408 63
731 241
248 217
243 79
126 237
645 59
621 166
279 221
135 217
179 169
508 211
360 245
88 22
66 113
582 78
220 60
153 244
406 147
320 223
682 65
189 125
74 43
108 205
311 105
25 12
313 161
569 85
558 81
661 101
13 3
316 19
37 67
702 197
387 137
609 20
129 209
324 160
268 17
682 97
316 114
586 63
633 166
696 181
472 7
600 108
528 208
112 159
46 223
648 156
496 190
163 229
591 241
346 232
436 248
348 47
395 104
167 137
142 177
396 184
272 181
492 27
573 85
149 165
202 208
444 82
591 164
717 125
611 194
218 244
19 99
708 50
161 67
227 55
398 87
309 94
279 198
130 71
66 226
131 172
469 138
360 247
91 145
418 121
68 143
658 27
595 70
17 112
46 98
575 215
383 73
507 206
347 97
299 220
185 180
74 172
523 226
498 33
171 204
101 209
213 187
698 3
177 147
349 228
476 202
60 183
470 167
307 212
472 246
14 168
429 66
95 71
647 86
351 163
294 93
698 218
119 22
224 203
41 3
644 166
283 36
161 60
663 65
354 133
467 198
701 65
581 55
633 56
174 75
224 13
344 4
615 114
247 119
151 114
74 162
322 160
159 210
626 153
344 239
10 168
8 169
491 201
291 203
603 199
284 142
449 112
409 196
483 92
689 43
337 17
90 67
512 237
535 230
588 220
46 4
474 66
701 201
160 150
142 18
242 10
250 228
447 140
541 101
101 152
349 18
653 97
614 12
82 116
355 137
80 38
661 51
703 67
303 119
407 237
287 147
388 217
2 37
714 212
549 169
309 116
161 199
731 192
179 46
708 200
267 224
327 77
2 175
467 108
554 28
267 98
308 173
164 49
150 252
245 15
601 205
259 21
300 96
198 195
711 188
405 77
231 213
691 15
547 219
55 177
84 49
727 89
370 170
219 13
429 233
613 170
659 164
453 3
38 72
223 68
93 88
387 0
145 47
198 17
288 225
454 94
700 136
282 77
1 154
376 56
358 123
121 153
645 171
638 127
617 101
700 83
150 173
675 243
218 19
380 153
518 121
271 185
676 96
342 145
323 185
499 218
367 180
359 175
710 107
355 174
643 77
214 150
194 8
605 137
422 148
311 190
480 118
211 107
528 217
617 46
663 206
192 123
521 216
94 65
333 180
3 198
412 163
554 174
498 236
535 203
73 96
521 67
89 96
494 96
678 93
128 129
281 239
300 179
388 131
86 192
360 150
482 235
431 233
163 151
124 215
510 14
81 75
143 192
548 3
179 238
534 10
752 1000 293
266 193
305 74
835 162
937 142
479 44
953 179
119 139
25 265
720 271
181 213
86 117
534 252
649 51
302 186
918 155
268 286
881 102
808 195
706 28
706 252
892 0
410 143
551 217
672 18
822 214
502 222
35 279
928 214
498 215
736 189
131 150
980 44
266 204
106 179
912 194
536 262
159 231
193 290
453 137
980 260
97 158
872 257
899 281
198 135
719 283
192 192
627 169
551 53
338 137
245 268
849 282
432 187
107 9
408 285
179 154
524 116
249 58
100 117
885 212
925 204
922 284
142 2
978 250
130 194
730 200
946 86
847 67
967 70
693 120
895 179
832 269
839 205
194 286
609 35
617 281
62 67
339 254
776 48
588 37
12 260
972 74
276 88
715 282
152 174
687 177
660 1
845 267
290 142
127 234
189 126
122 34
663 111
456 219
158 161
725 65
743 200
508 135
895 192
332 109
10 144
473 89
537 101
858 13
738 234
416 38
109 88
177 217
689 23
590 271
58 105
707 267
702 93
890 211
818 144
333 21
931 225
878 52
814 84
675 143
410 20
167 48
318 210
671 263
49 113
234 35
265 239
288 141
226 28
253 237
89 248
251 80
81 30
867 124
553 198
827 95
321 111
171 238
410 70
717 172
483 67
256 20
271 171
405 257
101 133
921 34
624 164
590 222
990 247
981 221
688 232
195 282
873 78
28 282
589 52
431 288
385 279
510 88
611 89
534 17
262 208
974 221
316 78
280 185
710 70
539 95
449 90
788 13
481 221
293 273
251 73
832 55
100 194
673 170
946 107
803 123
42 151
783 55
720 112
44 217
705 14
207 146
698 57
164 185
501 72
248 171
180 50
77 203
111 282
681 190
338 222
955 72
640 276
428 16
491 30
478 144
436 208
38 61
60 67
2 162
349 73
2 240
401 178
189 30
521 140
260 173
733 107
929 104
332 284
111 51
209 16
398 21
656 147
850 107
18 285
277 15
483 265
967 100
49 22
86 227
715 218
118 187
942 263
200 77
93 30
477 230
282 280
18 182
692 246
653 260
410 221
458 214
590 193
467 254
270 63
900 40
280 162
813 270
445 181
184 4
706 94
220 169
226 104
925 83
798 52
7 249
888 31
791 85
580 103
806 59
500 145
524 66
103 239
691 58
40 258
776 249
917 252
733 7
615 137
440 74
924 140
310 81
603 112
978 14
738 168
722 249
178 41
708 239
964 270
519 24
654 271
439 205
671 15
93 248
208 9
78 3
982 15
323 232
869 207
457 254
774 232
223 13
495 187
614 171
710 168
151 60
117 86
4 37
141 140
144 165
322 227
552 210
991 210
267 31
555 57
535 161
974 156
972 181
379 88
927 170
408 210
832 20
358 158
384 266
625 255
229 65
440 263
940 92
345 85
359 214
311 26
919 95
652 167
752 233
856 41
809 130
446 1
479 123
857 164
683 75
81 233
117 270
382 33
642 293
644 104
317 262
585 207
929 19
816 1
957 293
48 273
624 163
786 236
678 52
657 87
504 143
963 180
950 97
58 100
452 289
974 223
346 40
3 232
485 173
644 224
179 144
897 258
566 141
597 255
394 174
985 233
371 282
209 55
981 246
603 94
659 21
891 72
824 116
659 33
93 155
440 124
685 124
767 269
398 200
875 76
997 236
380 15
495 48
378 221
546 181
288 153
627 45
589 220
763 191
139 113
239 173
510 264
605 281
555 224
19 133
175 223
978 273
763 211
524 265
327 277
192 160
344 267
484 23
961 279
870 64
483 134
679 291
413 197
649 7
357 127
467 47
754 127
467 207
296 9
38 138
440 242
929 84
740 123
406 70
729 189
490 163
454 285
895 46
832 101
214 228
592 149
100 241
815 257
243 276
938 288
114 214
201 82
541 114
835 273
21 269
602 231
465 154
369 211
613 73
284 210
770 202
889 239
602 254
508 215
194 131
816 63
203 64
731 262
339 12
381 24
819 72
872 288
420 140
23 44
822 179
240 177
254 232
843 149
213 280
391 90
486 192
96 81
914 211
124 96
392 246
994 124
869 289
564 162
485 280
11 55
275 123
279 165
451 16
75 165
161 4
452 282
672 72
27 115
374 30
218 169
36 288
46 213
456 30
884 81
889 200
939 93
217 280
383 3
28 192
22 210
924 131
527 54
712 223
561 148
85 43
232 192
371 229
718 233
889 104
459 231
186 68
631 291
614 202
761 12
161 125
521 252
947 83
59 77
983 138
434 222
781 162
881 86
944 143
669 19
889 1
299 214
214 193
167 35
323 124
850 113
401 182
568 80
109 40
386 189
939 1
850 227
485 149
250 217
17 1
332 114
427 104
671 278
942 158
159 61
147 23
749 105
70 202
276 88
324 5
270 38
172 13
361 82
230 241
157 29
221 153
535 200
810 133
289 261
424 160
706 191
839 160
190 6
460 144
87 267
819 33
737 24
858 189
29 121
400 67
717 40
675 293
959 139
837 87
926 42
77 92
212 48
775 192
824 232
559 104
709 60
648 129
749 140
925 190
665 72
654 73
635 95
322 264
193 116
531 4
109 216
129 54
213 260
104 274
828 201
327 66
731 178
53 52
862 131
948 197
992 74
597 227
310 254
218 67
767 211
1 147
47 123
579 16
33 109
988 243
36 287
778 235
981 166
936 63
498 104
57 118
865 148
805 11
262 205
57 96
463 105
285 167
569 150
461 229
237 92
843 189
454 150
730 124
141 285
656 232
619 153
819 187
747 20
37 71
337 232
417 259
223 73
1000 183
256 228
83 57
290 2
456 23
236 288
868 131
922 40
88 288
926 37
713 112
911 41
370 282
915 262
737 184
179 42
619 177
578 147
619 208
317 143
301 258
331 40
2 35
71 76
482 185
687 166
358 171
324 54
535 54
895 25
756 270
79 17
200 293
766 49
905 270
274 100
708 242
754 197
548 132
180 219
511 4
915 232
845 211
977 247
858 220
32 166
635 251
678 261
458 260
654 75
598 121
567 88
223 271
395 9
835 176
802 44
822 275
904 268
645 180
46 76
440 155
807 215
189 43
910 24
618 155
699 201
872 230
210 8
275 148
246 228
560 157
144 123
144 166
48 243
617 274
982 70
863 179
131 203
272 130
78 188
675 238
486 180
732 253
21 249
682 118
496 94
696 73
623 77
687 20
318 247
455 258
49 91
778 221
439 28
603 139
320 254
984 225
204 125
191 36
101 248
182 219
805 92
927 266
407 149
789 152
606 199
716 82
942 171
217 247
233 22
588 35
787 44
48 123
667 62
906 206
493 226
55 66
346 42
414 150
976 193
860 0
827 36
927 96
758 3
838 25
653 10
233 214
377 188
811 225
902 71
501 268
876 225
381 277
609 240
355 122
378 53
855 239
479 73
662 209
305 2
918 264
305 207
779 889 374
181 202
486 267
408 63
301 243
688 28
190 295
744 218
179 337
68 185
535 279
535 277
728 29
163 205
806 154
888 191
39 264
223 286
94 174
374 247
224 90
630 39
570 52
214 289
661 152
621 356
804 36
321 47
547 134
702 119
570 87
270 269
11 306
245 87
302 132
545 101
837 212
72 209
814 351
398 255
568 176
2 139
417 98
256 254
829 63
560 76
812 263
250 81
479 128
83 276
292 128
439 61
46 96
800 207
797 370
600 177
481 279
112 360
79 105
126 188
481 192
571 273
650 188
359 251
471 148
174 155
203 108
156 196
234 88
264 253
418 71
660 231
620 349
61 329
295 58
739 203
7 360
311 307
373 81
28 92
246 312
784 61
815 66
765 226
139 264
366 215
157 136
611 287
63 288
586 145
883 360
288 175
877 51
679 120
402 267
359 315
41 39
274 203
327 214
191 213
310 112
178 17
715 102
354 313
617 170
290 315
507 33
632 79
332 176
876 171
238 366
537 226
622 91
289 89
92 62
547 362
169 333
869 24
670 308
795 52
405 0
139 212
796 61
538 73
302 69
104 282
870 333
863 44
606 164
683 308
786 61
210 2
221 276
81 56
544 318
398 266
204 54
125 307
440 348
392 352
320 203
414 80
292 369
35 165
715 235
729 338
213 371
720 269
283 343
435 84
832 35
63 208
524 33
322 181
874 99
838 4
342 19
626 66
815 163
687 125
534 331
405 297
619 30
314 202
169 96
884 263
759 217
301 175
267 213
512 211
469 117
555 216
889 254
578 104
107 140
587 66
33 272
521 354
360 112
687 256
738 48
684 317
782 217
133 94
740 100
433 344
237 123
262 308
434 70
183 22
347 222
315 237
26 8
187 1
825 1
69 329
709 3
413 268
870 366
782 252
323 270
171 263
446 361
841 350
406 211
554 221
58 40
288 132
838 277
493 146
503 345
580 304
448 348
77 171
672 162
303 10
317 247
688 30
63 95
776 266
796 355
377 342
442 173
94 23
317 209
319 308
304 269
297 130
134 37
336 161
389 349
44 233
268 47
624 56
504 247
823 28
104 37
420 202
152 94
70 240
255 19
423 85
420 12
445 86
249 141
515 225
552 374
499 291
423 348
262 120
765 272
493 49
572 143
548 99
559 78
326 119
139 114
506 316
624 21
268 153
864 230
644 232
474 88
480 229
508 74
89 235
92 122
406 259
627 115
520 58
683 277
243 245
728 359
536 97
833 191
468 99
741 232
488 252
497 58
377 312
843 58
542 82
181 58
753 25
123 278
259 344
362 262
806 151
383 2
685 183
389 78
288 240
507 193
610 186
877 202
273 362
585 272
51 43
6 364
729 106
319 153
112 27
622 243
15 217
503 5
508 42
96 263
264 348
726 354
740 333
103 260
697 21
93 343
609 91
662 110
272 179
568 227
796 257
435 338
482 318
643 80
72 29
28 199
475 49
365 140
600 291
470 282
312 160
288 1
706 185
502 51
196 352
518 172
547 373
67 289
134 58
261 233
604 314
587 44
175 190
536 325
576 187
315 43
724 63
51 201
685 110
652 192
800 155
116 277
365 79
618 26
27 139
750 201
278 294
843 20
554 9
361 192
628 158
260 123
411 234
114 48
19 178
242 34
178 161
408 65
565 58
197 354
147 352
377 252
526 5
33 358
842 221
475 165
224 13
153 202
202 214
17 193
187 70
195 327
641 95
63 73
784 110
84 351
339 163
511 335
836 104
210 138
70 73
478 306
576 194
83 333
75 337
153 5
382 333
672 240
84 327
515 208
127 319
41 126
193 367
464 231
228 336
59 23
514 274
636 120
345 41
110 81
864 184
706 36
634 20
534 173
378 169
718 12
781 145
126 176
444 180
267 188
418 26
103 153
885 120
243 371
591 306
784 165
662 117
54 211
242 35
257 87
791 345
280 272
867 216
788 207
128 82
227 116
513 185
589 11
202 145
4 46
341 38
491 168
520 367
519 269
309 343
537 186
884 82
3 8
355 134
437 273
111 189
161 302
127 261
288 259
738 274
255 84
212 119
324 69
468 210
648 93
774 297
121 95
266 316
783 256
70 273
236 269
127 123
873 41
281 88
606 369
607 208
340 276
784 261
705 370
661 285
273 252
825 321
467 166
562 53
845 315
736 156
881 15
589 359
272 242
267 335
131 59
25 268
825 75
289 282
305 228
279 135
672 331
126 55
438 320
655 148
475 13
606 48
518 163
462 62
330 104
822 244
735 168
109 77
790 269
486 267
504 131
827 181
134 85
558 187
795 275
97 268
868 196
1 317
164 349
441 14
325 4
110 196
354 350
885 346
641 212
503 320
380 242
563 9
547 317
219 334
577 111
9 131
152 146
185 268
497 31
855 129
132 120
147 138
295 178
784 293
647 324
323 312
881 342
651 120
251 120
145 80
319 261
516 118
187 238
832 106
482 272
683 236
872 117
255 90
105 86
368 287
591 224
21 204
733 148
275 54
675 30
54 79
596 323
620 301
448 187
644 12
491 199
699 55
422 226
817 214
279 131
434 325
142 305
585 125
238 82
101 301
434 267
172 5
792 157
78 356
486 270
435 7
314 219
605 13
352 162
418 337
850 332
634 227
417 21
109 318
343 87
746 192
410 203
50 149
843 60
685 284
27 78
549 4
519 309
232 322
818 245
636 344
634 150
881 67
754 128
862 229
355 208
117 172
768 199
232 351
361 54
271 169
302 132
753 32
238 167
826 116
768 217
55 194
84 259
696 118
192 225
178 204
540 372
467 49
528 301
250 34
770 263
410 90
495 330
137 40
413 55
32 138
667 242
847 218
156 196
722 115
476 287
50 82
371 299
568 36
370 133
52 205
494 228
477 19
758 19
855 283
731 194
616 323
106 4
392 165
382 106
677 223
300 202
117 233
398 367
724 328
636 316
151 125
371 33
361 307
375 158
565 81
367 262
725 16
888 174
803 45
517 40
370 252
450 130
642 323
327 356
727 225
384 38
357 46
638 51
128 78
221 170
340 141
117 167
217 277
468 292
517 200
742 170
44 177
552 141
283 24
294 5
107 350
130 156
566 45
337 351
24 19
542 261
280 181
583 294
819 371
671 8
278 145
510 227
870 57
140 28
184 46
405 286
266 7
777 20
457 252
703 176
828 120
889 10
169 92
759 340
765 117
610 215
239 106
497 164
403 14
504 222
225 179
10 59
576 155
479 216
167 52
669 280
670 34
345 31
383 196
91 169
798 298
434 154
64 54
389 170
745 113
187 83
45 105
617 81
140 198
787 292
542 292
412 2
368 89
315 31
125 358
142 200
262 187
224 311
663 298
816 240
639 101
643 284
356 67
437 91
620 242
803 118
56 182
617 64
258 85
285 158
493 273
460 350
137 314
214 257
430 347
472 206
298 48
17 256
640 59
282 358
811 332
688 39
586 152
423 364
502 176
359 283
291 84
15 90
636 124
404 193
392 48
399 147
256 116
499 189
2 1
444 56
131 227
835 52
701 176
694 196
232 120
355 756 456
621 22
599 89
399 273
300 431
184 140
353 138
752 328
582 100
292 107
447 59
458 3
344 242
339 240
211 411
331 282
203 91
193 44
215 67
199 0
438 73
753 70
603 180
543 48
52 231
419 362
130 452
499 242
194 133
14 390
477 217
112 245
542 112
725 81
587 174
205 245
687 271
440 51
330 282
31 299
442 305
261 372
260 138
117 155
223 258
239 358
168 328
313 351
346 28
90 187
585 81
135 42
323 317
118 397
181 242
416 224
600 12
266 441
509 372
695 446
652 253
365 216
666 86
153 158
649 110
432 341
365 347
62 137
212 94
276 399
19 341
87 452
440 357
103 96
116 145
614 14
355 50
522 91
280 366
210 300
299 189
476 261
589 160
287 311
408 43
127 159
325 445
117 331
257 184
201 211
398 106
76 271
418 23
708 318
654 205
561 2
493 371
242 41
509 204
59 379
472 174
726 224
538 285
49 126
444 94
550 342
447 155
529 381
157 112
187 161
332 429
699 305
720 426
531 35
403 267
13 13
605 63
605 196
206 361
562 387
286 252
425 248
224 454
221 179
369 440
127 44
91 71
150 373
390 239
663 263
206 391
601 58
486 106
130 396
37 170
722 58
738 167
746 423
726 47
725 348
0 28
419 35
611 285
282 189
185 409
727 141
692 321
135 391
710 71
494 6
338 250
4 257
231 396
216 174
342 368
675 66
726 0
123 88
597 102
204 402
730 272
106 448
435 335
21 131
644 330
516 241
355 252
545 108
205 289
166 227
635 347
579 189
112 444
564 226
40 97
425 193
185 308
369 73
463 159
79 187
286 392
265 181
49 38
161 428
195 115
491 121
102 84
58 404
258 131
613 210
634 395
449 166
56 181
510 2
142 37
559 424
118 210
312 210
568 6
112 169
181 430
528 178
160 143
187 154
452 348
544 71
325 362
530 102
297 44
280 452
563 343
557 105
596 161
91 395
723 65
105 314
497 447
120 122
152 210
455 433
351 234
5 414
168 309
437 251
508 188
595 28
42 259
238 195
646 17
736 155
670 290
450 171
407 98
0 439
568 163
235 4
388 55
218 130
465 20
713 310
615 245
531 307
327 40
675 60
479 229
519 165
429 279
46 393
472 198
20 304
193 383
582 376
185 269
518 370
388 23
556 65
406 130
283 366
480 11
193 253
547 211
285 352
614 348
746 28
69 231
750 43
91 209
670 163
309 62
616 336
596 375
634 404
436 367
222 244
52 309
52 211
507 52
62 171
49 420
73 57
645 100
517 402
22 113
703 357
553 260
408 310
358 231
328 252
136 165
334 113
345 155
31 130
104 0
596 201
728 43
719 233
116 434
733 22
600 338
159 315
621 208
169 370
543 45
88 150
427 279
110 252
189 156
247 211
371 226
136 170
445 264
339 31
268 150
389 357
684 0
645 223
496 435
152 217
691 351
341 233
352 223
513 176
730 435
214 104
536 393
67 91
449 221
166 10
722 201
209 428
174 152
132 4
291 405
332 178
661 156
276 65
57 32
178 302
172 197
512 264
743 249
312 359
676 71
533 410
414 280
225 43
529 193
638 130
468 293
425 33
576 287
318 396
560 340
354 379
579 242
683 239
802 415 46
306 39
413 3
241 8
109 4
105 37
276 23
395 27
321 21
117 36
94 37
269 25
254 36
60 8
101 21
14 41
0 5
58 23
301 44
146 14
250 6
107 46
260 46
120 2
141 13
313 24
229 14
63 8
217 1
296 27
333 46
25 10
247 33
330 18
127 44
287 11
344 37
361 38
353 20
353 15
47 11
58 15
161 20
87 34
276 18
280 23
22 35
399 2
261 25
273 31
407 32
222 30
411 36
108 18
265 41
170 22
328 26
45 36
94 40
36 26
260 38
21 30
78 40
7 6
62 10
184 45
41 38
389 24
190 30
128 43
158 28
223 35
399 14
145 38
145 0
321 20
370 24
143 23
90 19
244 41
46 46
206 30
35 0
411 24
4 2
136 34
6 43
106 43
372 25
227 45
304 30
378 22
218 26
164 4
127 6
46 6
165 16
261 2
176 23
297 26
252 4
215 36
248 40
407 16
28 46
305 2
95 11
336 37
244 27
79 40
364 44
289 44
121 42
185 9
134 30
222 44
371 28
388 40
87 45
280 19
55 3
192 5
309 3
336 36
68 41
253 22
156 8
290 31
4 24
319 1
414 8
397 26
19 37
318 38
206 33
381 37
352 11
155 9
14 17
128 24
235 6
260 29
252 23
126 23
354 37
267 39
27 28
51 15
75 16
312 11
135 42
286 18
179 22
350 0
389 4
21 30
187 2
345 30
159 9
152 5
244 36
195 24
252 41
61 40
199 24
352 38
395 10
22 5
248 41
96 4
18 8
46 14
14 30
101 41
190 30
16 18
257 1
34 16
41 35
37 31
341 19
318 11
196 11
223 16
169 1
409 30
181 13
138 25
303 20
113 15
365 44
257 29
340 28
331 40
259 13
77 34
342 26
249 16
65 41
22 0
120 10
294 32
343 32
240 46
128 9
181 15
355 26
27 5
185 0
245 29
311 2
374 26
335 40
231 2
8 32
378 10
140 17
45 24
17 10
171 13
383 16
94 26
118 9
59 28
352 34
364 3
371 5
100 22
274 29
306 39
328 11
154 35
270 2
280 9
100 14
305 11
3 35
263 30
265 26
169 8
82 27
192 29
312 45
360 37
79 34
196 20
392 10
203 5
293 21
277 3
263 42
333 24
22 9
260 29
86 45
360 28
291 6
367 38
300 40
101 10
18 10
242 30
391 17
400 37
257 29
117 32
12 13
372 34
87 42
193 37
390 11
375 20
145 7
196 26
93 18
152 33
50 24
394 6
168 5
37 12
97 15
402 16
349 32
304 9
31 46
355 1
379 22
14 7
96 37
298 8
379 2
173 20
301 37
198 1
403 27
350 34
261 16
65 29
151 33
88 8
195 16
219 44
85 35
138 46
315 17
114 38
343 7
35 26
312 42
25 44
340 19
255 23
40 39
381 16
18 22
406 12
112 18
243 34
315 18
122 37
146 19
237 35
396 45
45 28
378 20
47 21
61 14
73 33
367 28
326 12
123 10
54 46
270 17
304 14
6 45
129 24
406 11
385 2
95 31
263 8
244 35
233 2
69 31
24 14
376 42
277 20
122 34
190 13
372 10
307 40
120 10
403 30
130 35
81 36
259 42
156 3
400 31
10 16
23 45
362 32
384 15
354 24
299 29
99 7
366 43
90 5
170 2
52 33
323 0
399 35
223 24
286 30
400 1
4 7
330 9
278 18
334 23
5 7
216 38
344 28
383 20
396 46
385 26
310 38
38 12
74 26
304 23
340 28
241 14
39 3
167 27
198 6
405 43
174 39
308 33
403 28
410 11
284 33
0 39
415 43
344 29
172 46
306 16
393 9
313 42
160 12
78 12
22 31
18 37
17 23
172 2
345 34
260 31
289 30
264 23
171 12
105 34
298 16
183 17
0 34
36 42
18 14
262 43
55 16
269 5
62 14
237 22
351 26
365 0
214 14
256 41
150 8
184 37
230 32
52 7
321 46
262 23
75 9
411 42
261 11
363 23
162 34
59 27
266 11
194 2
381 30
322 5
141 30
20 20
203 8
57 39
33 8
319 26
299 39
111 27
35 23
84 8
114 8
40 29
311 20
318 44
13 32
392 20
59 3
397 9
357 25
242 45
229 21
83 9
204 26
1 43
412 45
181 17
100 18
363 4
328 9
144 21
106 30
368 36
277 14
300 24
388 5
65 5
16 26
186 20
86 35
203 33
145 0
65 19
62 8
273 15
22 30
60 39
154 11
165 5
233 11
394 44
336 5
151 2
352 1
156 16
141 17
393 28
200 11
277 41
343 28
109 17
296 25
237 5
341 21
337 41
196 19
396 29
232 25
52 13
213 32
63 42
311 37
97 4
371 2
231 0
125 33
279 22
254 31
327 1
247 42
82 18
308 39
143 17
66 10
37 23
19 39
378 2
301 0
298 31
50 30
299 39
70 33
180 8
135 46
375 2
83 10
281 9
393 25
260 45
363 36
195 9
270 20
169 11
88 23
284 28
325 11
185 3
75 13
175 40
200 4
337 33
48 21
4 21
83 26
357 14
146 21
157 24
165 20
315 40
121 15
136 29
96 21
169 2
15 1
125 26
351 43
243 46
121 33
169 44
96 20
266 8
406 19
402 14
77 25
24 36
229 8
101 19
226 9
240 44
71 43
328 42
284 36
22 36
275 21
225 14
45 29
357 35
243 33
62 41
101 14
392 31
119 6
400 32
92 30
42 5
174 10
330 45
270 0
64 27
287 5
373 15
398 22
239 14
114 10
2 25
132 22
290 27
88 40
340 2
82 46
88 29
208 34
332 35
99 45
65 9
302 14
303 42
209 33
94 3
172 23
283 21
107 17
11 33
303 39
247 39
189 43
387 27
83 6
333 43
315 35
153 13
292 9
70 44
328 44
282 38
293 33
261 25
179 40
179 19
80 25
324 29
90 11
251 9
342 29
356 27
310 37
316 25
166 27
145 20
295 27
35 4
32 30
28 22
24 19
278 14
377 32
374 45
226 32
225 40
410 39
138 37
3 39
363 34
169 42
120 24
391 25
380 20
195 36
91 36
359 16
196 31
300 27
116 46
107 42
6 32
251 18
406 43
343 43
168 30
190 18
16 45
187 14
333 30
4 14
57 16
250 28
12 11
279 35
116 26
214 8
360 44
12 39
48 36
32 3
324 7
248 6
259 43
65 24
145 29
58 4
305 26
328 26
187 46
189 27
35 45
170 41
326 14
202 14
410 23
335 29
328 18
114 40
347 40
220 46
121 13
151 1
331 41
71 31
128 41
277 44
120 0
14 39
86 4
149 2
322 4
270 41
395 25
150 16
308 5
147 20
105 45
183 38
106 27
410 11
387 33
269 19
175 5
282 6
372 45
86 42
243 19
257 24
70 24
5 41
234 10
264 7
322 15
103 27
30 20
407 44
368 26
252 45
289 7
134 40
293 17
268 7
33 4
343 38
389 5
354 16
244 6
2 2
393 0
323 17
74 0
168 6
32 10
315 10
411 34
22 2
125 44
281 46
273 20
134 34
300 28
326 19
18 32
151 35
178 9
291 6
245 25
151 14
337 42
54 10
243 33
365 39
240 1
400 15
183 12
87 26
351 11
356 33
198 4
237 30
310 32
84 28
29 7
498 631 287
455 90
242 4
304 3
100 175
147 117
230 41
517 202
32 10
143 186
8 266
7 8
40 120
117 140
237 169
341 67
239 36
534 121
153 6
580 93
133 271
499 59
185 160
582 193
242 181
331 219
63 3
467 224
387 64
564 81
305 89
148 177
229 178
186 38
576 135
532 109
126 87
233 47
471 47
321 161
68 204
332 259
151 192
555 43
16 143
324 202
552 16
131 230
315 261
428 123
348 272
129 259
415 274
578 62
441 259
336 133
80 28
328 255
100 44
34 221
3 166
335 164
95 98
602 250
471 118
461 52
519 30
559 46
216 41
453 209
37 205
430 221
89 191
244 70
275 231
99 6
533 10
98 164
588 20
198 211
363 84
511 114
514 158
344 163
208 13
20 117
322 171
258 196
370 110
394 21
45 269
187 195
87 230
471 131
354 230
470 261
594 190
127 44
52 120
471 4
5 36
401 224
103 43
428 281
322 270
382 239
579 73
210 274
223 122
77 138
512 43
455 122
161 199
214 166
423 246
370 36
338 36
444 73
487 136
178 265
326 240
441 113
497 107
203 201
597 248
459 165
620 162
215 237
233 198
259 264
172 30
141 182
562 17
111 177
90 33
595 16
113 116
586 170
319 261
595 37
334 6
554 226
601 106
367 114
360 195
547 204
417 136
202 35
537 65
132 51
498 239
308 115
187 230
485 35
315 113
584 169
31 18
131 0
436 27
627 12
286 238
384 191
494 186
418 271
267 22
291 93
334 7
8 73
125 78
292 184
103 52
250 182
439 45
31 227
144 42
200 38
568 40
501 110
435 39
621 222
526 160
628 68
39 236
13 148
394 282
397 249
342 111
0 149
292 199
185 261
585 41
131 265
233 273
111 52
80 52
531 118
277 175
98 124
531 72
377 22
210 190
159 272
581 287
494 201
614 95
574 55
224 218
248 249
603 279
390 99
356 33
450 1
184 276
109 203
348 142
169 158
420 241
167 217
280 149
611 183
500 177
622 124
523 271
549 54
494 131
234 178
388 244
539 116
392 49
448 37
399 129
563 236
210 210
557 195
23 168
546 59
250 200
615 69
39 141
428 30
0 150
440 181
610 132
121 82
365 201
479 84
347 27
216 157
405 70
208 53
470 26
216 40
451 168
126 282
629 106
80 165
480 265
74 106
237 100
92 162
557 180
526 88
143 23
622 188
149 182
241 75
9 98
604 180
554 98
6 159
444 231
340 204
504 287
542 61
403 210
503 272
366 53
393 53
508 191
426 41
373 227
541 166
389 265
2 175
507 265
126 23
96 275
507 0
42 121
605 245
315 156
565 178
137 14
455 158
501 57
463 163
77 60
521 34
149 132
42 144
533 0
239 189
531 138
389 133
323 122
178 175
630 32
481 71
334 8
573 284
450 173
343 63
41 232
257 175
20 51
7 217
468 231
342 199
257 179
101 213
357 7
380 35
287 165
387 118
429 80
618 271
629 17
38 103
457 176
22 70
491 181
191 151
172 150
383 78
425 140
275 87
555 263
402 59
44 261
625 57
382 163
617 211
204 247
210 173
111 176
403 75
158 275
90 226
393 33
24 50
117 179
233 193
10 4
44 38
57 173
528 223
440 137
611 260
328 45
41 104
214 133
307 164
304 21
494 129
31 279
43 260
506 221
85 69
73 161
467 106
590 75
362 126
140 61
410 53
218 116
173 72
57 80
492 241
37 83
114 188
34 165
217 276
226 198
217 195
328 197
326 150
312 216
581 101
85 247
82 127
603 55
0 68
631 20
77 268
111 135
1 49
141 202
374 271
416 127
563 88
540 225
295 213
105 100
466 14
499 212
389 39
595 213
291 18
146 1
526 81
456 199
91 181
9 201
333 258
320 88
330 269
313 169
242 50
29 92
400 73
416 237
264 155
443 91
237 13
188 43
6 101
451 257
506 228
354 191
46 243
263 129
168 176
162 2
154 152
278 162
617 110
608 81
337 19
596 22
272 137
497 286
590 180
64 264
41 170
568 191
461 31
256 221
568 203
95 18
507 189
437 36
331 37
533 20
96 161
506 120
338 140
334 280
584 118
25 185
185 169
505 286
584 281
332 280
340 187
299 135
169 224
499 132
413 160
433 221
58 227
37 76
575 203
589 272
34 70
417 195
367 130
553 23
212 157
528 32
49 59
32 18
195 211
406 0
92 47
381 278
307 146
338 66
581 7
42 255
69 92
522 188
542 100
444 218
65 260
571 186
535 163
20 58
294 99
602 170
83 632 281
523 13
411 156
168 70
130 124
347 52
437 98
261 70
56 155
326 76
585 194
72 151
395 193
458 240
312 148
506 194
469 80
3 14
381 238
139 262
132 54
162 72
268 78
611 3
318 173
48 166
160 211
354 196
13 221
115 104
404 227
77 1
124 156
225 125
623 31
252 56
87 138
430 103
73 136
548 32
450 264
532 44
324 29
271 181
302 45
531 203
113 234
51 229
427 219
480 153
7 178
409 200
383 203
187 47
352 274
587 16
437 141
517 32
477 233
334 3
280 149
590 201
579 128
369 142
153 153
27 180
185 88
626 162
511 52
131 212
153 220
268 164
440 152
86 113
177 60
300 247
522 255
86 175
4 179
78 31
39 127
187 246
410 242
531 88
